,Y,X3,X4,X5,X7,X8,X1*X5,X2*X3,X4*X5
0,17,86.0,517.0,176.0,134218018.0,166200000.0,128.48,12050062.0,90992.0
1,11,68.5,260.0,106.0,27107960.0,27107960.0,68.9,2920497.5,27560.0
2,11,68.5,260.0,106.0,27107960.0,27107960.0,68.9,2920497.5,27560.0
3,11,68.5,16.0,10.0,15934737.0,15934737.0,6.1,78021.5,160.0
4,8,87.0,277.0,127.0,108185706.0,108185706.0,86.35999999999999,7443111.0,35179.0
5,8,68.5,43.0,28.0,12617845.0,12617845.0,14.0,105353.0,1204.0
6,8,68.5,51.0,14.0,11118000.0,11118000.0,8.54,242490.0,714.0
7,8,87.0,277.0,127.0,108185706.0,108185706.0,86.35999999999999,7443198.0,35179.0
8,8,68.5,51.0,14.0,11118000.0,11118000.0,8.54,242490.0,714.0
9,8,68.5,43.0,28.0,12617845.0,12617845.0,14.0,105353.0,1204.0
10,12,68.5,282.0,161.0,33000000.0,33000000.0,109.47999999999999,6975218.0,45402.0
11,12,68.5,282.0,161.0,33000000.0,33000000.0,109.47999999999999,6975218.0,45402.0
12,8,68.5,237.0,101.0,59950623.0,59950623.0,49.49000000000001,3838603.0,23937.0
13,8,68.5,237.0,101.0,59950623.0,59950623.0,49.49000000000001,3838603.0,23937.0
14,17,68.5,12.0,5.0,1268443.0,1268443.0,2.9,23427.0,60.0
15,17,68.5,286.0,81.0,16295774.0,21667000.0,37.260000000000005,2561420.5,23166.0
16,17,68.5,286.0,81.0,16295774.0,21667000.0,37.260000000000005,2561420.5,23166.0
17,17,68.5,12.0,5.0,1268443.0,1268443.0,2.9,23427.0,60.0
18,16,68.5,273.0,100.0,15681020.0,15681020.0,37.0,2532787.5,27300.0
19,16,67.0,469.0,264.0,53424681.0,53424681.0,198.0,13570314.0,123816.0
20,16,67.0,469.0,264.0,53424681.0,53424681.0,198.0,13570314.0,123816.0
21,16,68.5,273.0,100.0,15681020.0,15681020.0,37.0,2532787.5,27300.0
22,16,68.5,45.0,37.0,792966.0,792966.0,18.87,358049.5,1665.0
23,16,68.5,45.0,37.0,792966.0,792966.0,18.87,358049.5,1665.0
24,16,69.0,859.0,188.0,251188924.0,411348924.0,142.88,20520393.0,161492.0
25,16,68.5,33.0,29.0,363561.0,363561.0,12.760000000000003,250710.0,957.0
26,16,68.5,42.0,27.0,192816.0,192816.0,12.15,218035.5,1134.0
27,16,69.0,859.0,188.0,251188924.0,411348924.0,142.88,20520462.0,161492.0
28,16,68.5,33.0,29.0,363561.0,363561.0,12.760000000000003,250710.0,957.0
29,16,68.5,42.0,27.0,192816.0,192816.0,12.15,218035.5,1134.0
30,17,68.5,203.0,113.0,135265915.0,201965915.0,75.71000000000001,5137705.5,22939.0
31,17,65.0,149.0,135.0,33878502.0,48878520.0,86.4,3368495.0,20115.0
32,17,68.5,240.0,98.0,45681173.0,45681173.0,56.839999999999996,4864870.0,23520.0
33,17,68.5,203.0,113.0,135265915.0,201965915.0,75.71000000000001,5137705.5,22939.0
34,17,68.5,240.0,98.0,45681173.0,45681173.0,56.839999999999996,4864870.0,23520.0
35,17,65.0,149.0,135.0,33878502.0,48878520.0,86.4,3368495.0,20115.0
36,17,62.0,138.0,93.0,46704056.0,46704056.0,59.52,2887030.0,12834.0
37,17,62.0,138.0,93.0,46704056.0,46704056.0,59.52,2887030.0,12834.0
38,15,68.0,638.0,167.0,162831698.0,282800000.0,116.89999999999999,16281444.0,106546.0
39,15,68.0,638.0,167.0,162831698.0,282800000.0,116.89999999999999,16281444.0,106546.0
40,28,68.5,25.0,18.0,8023147.0,8023147.0,9.18,419288.5,450.0
41,28,68.5,92.0,64.0,42660000.0,42660000.0,30.72,1869022.5,5888.0
42,28,68.5,195.0,90.0,10696210.0,10696210.0,36.0,2690817.0,17550.0
43,28,68.5,25.0,18.0,8023147.0,8023147.0,9.18,419288.5,450.0
44,28,68.5,195.0,90.0,10696210.0,10696210.0,36.0,2690817.0,17550.0
45,28,68.5,92.0,64.0,42660000.0,42660000.0,30.72,1869022.5,5888.0
46,38,68.5,150.0,78.0,32055248.0,48055248.0,46.8,1401441.5,11700.0
47,38,68.5,230.0,65.0,119938730.0,351583407.0,44.85,20265656.5,14950.0
48,38,68.5,24.0,11.0,7892208.0,7892208.0,5.3900000000000015,519641.0,264.0
49,35,68.5,233.0,106.0,34693481.0,113493481.0,58.300000000000004,6690943.0,24698.0
50,35,68.5,178.0,66.0,4064333.0,6600000.0,34.980000000000004,1846828.5,11748.0
51,35,68.5,572.0,157.0,184031112.0,152500000.0,84.78,14370752.0,89804.0
52,35,68.5,137.0,79.0,37804616.0,66050379.0,40.29,1524399.0,10823.0
53,28,68.5,98.0,71.0,3794000.0,3794000.0,22.72,1511452.5,6958.0
54,28,68.5,159.0,61.0,17300889.0,17300889.0,29.890000000000008,2018215.5,9699.0
55,28,68.5,168.0,52.0,17883659.0,7500000.0,23.92,1172309.0,8736.0
56,28,68.5,177.0,84.0,60592389.0,129832389.0,46.2,5370605.5,14868.0
57,26,68.5,218.0,79.0,54967359.0,87949859.0,41.08,3932722.0,17222.0
58,26,74.0,174.0,89.0,99046791.0,252712101.0,64.97,12368212.0,15486.0
59,26,68.5,68.0,38.0,1710972.0,1710972.0,10.64,655065.5,2584.0
60,26,68.5,32.0,23.0,6448817.0,6448817.0,10.58,169674.5,736.0
61,26,68.5,54.0,30.0,8109349.0,8109349.0,10.5,501762.5,1620.0
62,26,68.5,1057.0,201.0,107325195.0,238207122.0,74.37,14216216.0,212457.0
63,25,68.5,594.0,195.0,70087718.0,131183530.0,138.45,14609611.5,115830.0
64,25,68.5,455.0,113.0,23322832.0,25200000.0,41.81,2558406.5,51415.0
65,25,68.5,172.0,58.0,582024.0,582024.0,35.96,2189397.0,9976.0
66,25,68.5,20.0,14.0,7015240.0,7015240.0,7.5600000000000005,145425.5,280.0
67,25,63.0,328.0,154.0,94095523.0,250288523.0,103.18,9385740.0,50512.0
68,26,68.5,99.0,70.0,12491455.0,12491455.0,42.699999999999996,679862.5,6930.0
69,26,68.5,233.0,72.0,97403112.0,134403112.0,29.52,2737123.0,16776.0
70,26,65.0,439.0,126.0,29655590.0,29655590.0,76.86,3705585.0,55314.0
71,26,67.0,378.0,165.0,21133087.0,21133087.0,115.49999999999999,4487861.0,62370.0
72,30,62.0,1383.0,309.0,95011339.0,154500000.0,222.48,18083850.0,427347.0
73,30,64.0,1408.0,292.0,157299717.0,296339527.0,216.07999999999998,32417792.0,411136.0
74,30,68.5,54.0,28.0,12996.0,12996.0,16.520000000000003,139329.0,1512.0
75,32,68.5,131.0,31.0,3293258.0,3293258.0,16.12,844879.0,4061.0
76,32,79.0,125.0,102.0,14681661.0,14681661.0,77.52,1112636.0,12750.0
77,32,68.5,870.0,174.0,30059386.0,30059386.0,120.06000000000002,9347578.5,151380.0
78,33,68.5,568.0,232.0,82348319.0,155010032.0,155.44,12105183.0,131776.0
79,33,73.0,2042.0,301.0,403706375.0,821708551.0,219.73,44068713.0,614642.0
80,33,65.0,76.0,50.0,11411644.0,11411644.0,32.5,545545.0,3800.0
81,33,68.5,613.0,208.0,190418803.0,441818803.0,126.88,20031660.5,127504.0
82,27,68.5,792.0,207.0,66465204.0,179265204.0,120.05999999999999,10389326.5,163944.0
83,27,68.5,1461.0,266.0,132177234.0,113107712.0,151.62,15727257.5,388626.0
84,27,62.0,2788.0,271.0,281492479.0,742128461.0,195.12,28331954.0,755548.0
85,27,68.5,2115.0,243.0,139313948.0,427343298.0,162.81,27152372.5,513945.0
86,27,70.0,55.0,76.0,14624.0,14624.0,56.24,481320.0,4180.0
87,27,68.5,1051.0,278.0,102543520.0,179179718.0,147.34,12999245.0,292178.0
88,27,90.0,224.0,185.0,6003587.0,6003587.0,138.75,3987990.0,41440.0
89,27,68.0,1074.0,294.0,214949694.0,407711549.0,220.5,30870776.0,315756.0
90,31,68.5,521.0,189.0,52411906.0,128905366.0,111.51000000000002,10113271.5,98469.0
91,31,90.0,842.0,291.0,261441092.0,631442092.0,232.8,48673800.0,245022.0
92,31,68.5,633.0,197.0,33682273.0,33682273.0,128.05,9335248.5,124701.0
93,31,83.0,1339.0,305.0,373585825.0,783766341.0,222.65,38748550.0,408395.0
94,31,83.0,956.0,306.0,66208183.0,152159461.0,244.8,47689559.0,292536.0
95,31,68.5,681.0,213.0,40202379.0,82102379.0,70.29,6564697.5,145053.0
96,31,72.0,608.0,227.0,59623958.0,99414250.0,156.63000000000002,19474056.0,138016.0
97,51,68.5,246.0,74.0,17018422.0,57552641.0,16.280000000000005,3152918.0,18204.0
98,51,68.5,186.0,67.0,39177684.0,71992655.0,23.45,1630642.5,12462.0
99,51,68.5,384.0,195.0,24409722.0,32149231.0,91.64999999999999,5341698.5,74880.0
100,51,68.5,1022.0,286.0,75976178.0,230884728.0,200.2,17907886.5,292292.0
101,51,68.5,93.0,43.0,143615.0,143615.0,17.2,362433.5,3999.0
102,51,68.5,264.0,152.0,135386665.0,314432837.0,88.16,5003514.0,40128.0
103,51,68.5,1021.0,278.0,154696080.0,175424795.0,158.46,19585040.5,283838.0
104,51,62.0,222.0,131.0,63946815.0,86369815.0,81.22,4237638.0,29082.0
105,51,68.5,247.0,135.0,46464023.0,142400065.0,79.65,5527676.0,33345.0
106,51,66.0,21.0,38.0,36613.0,36613.0,30.020000000000003,442662.0,798.0
107,51,70.0,2729.0,466.0,206852432.0,374218673.0,386.78000000000003,78239490.0,1271714.0
108,35,68.5,37.0,55.0,6387.0,6387.0,37.95,344760.5,2035.0
109,35,68.5,1923.0,335.0,234362462.0,459359555.0,224.45000000000002,29239362.0,644205.0
110,35,72.0,2380.0,438.0,200081192.0,191000000.0,267.18,18259056.0,1042440.0
111,35,68.5,201.0,145.0,22530295.0,38365852.0,73.95,3924022.5,29145.0
112,35,68.5,113.0,61.0,11631245.0,11631245.0,26.23,1130250.0,6893.0
113,35,62.0,2090.0,530.0,70511035.0,132511035.0,434.59999999999997,55818786.0,1107700.0
114,38,62.0,40.0,95.0,40257.0,40257.0,60.800000000000004,183644.0,3800.0
115,38,68.5,1936.0,400.0,336530303.0,554341323.0,248.0,29481098.5,774400.0
116,38,68.5,94.0,90.0,43751706.0,43751706.0,43.199999999999996,1181625.0,8460.0
117,38,62.0,35.0,26.0,83398.0,83398.0,17.42,256494.0,910.0
118,38,68.5,665.0,111.0,39739367.0,86865564.0,25.53,6512500.5,73815.0
119,38,68.5,686.0,277.0,115802596.0,228738393.0,144.04,13659037.0,190022.0
120,38,68.5,213.0,191.0,54149098.0,95608995.0,120.33,3878127.5,40683.0
121,38,68.5,448.0,260.0,131921738.0,289047763.0,145.6,15679513.0,116480.0
122,38,78.0,353.0,344.0,75754670.0,160388063.0,240.79999999999998,17777292.0,121432.0
123,38,82.0,5290.0,634.0,534858444.0,1004558444.0,570.6,156894454.0,3353860.0
124,38,68.5,287.0,154.0,7948159.0,10100036.0,92.39999999999999,3712494.5,44198.0
125,38,64.0,731.0,315.0,134508551.0,341433252.0,211.05,20835136.0,230265.0
126,38,79.0,1099.0,499.0,318412101.0,585174222.0,394.21000000000004,61990115.0,548401.0
127,38,68.5,602.0,322.0,227946274.0,624386746.0,206.08,26583617.0,193844.0
128,38,68.5,493.0,238.0,80172128.0,222231186.0,145.18,17957069.5,117334.0
129,38,68.5,298.0,225.0,19781879.0,19781879.0,108.0,3855659.5,67050.0
130,38,68.5,175.0,119.0,26638520.0,73026302.0,53.550000000000004,3902993.0,20825.0
131,38,61.0,668.0,368.0,134518390.0,263427551.0,250.23999999999998,22226143.0,245824.0
132,38,61.0,177.0,172.0,67294270.0,92380927.0,118.68,12529400.0,30444.0
133,45,68.5,123.0,124.0,49492060.0,96753696.0,66.96000000000001,2282762.5,15252.0
134,45,68.5,78.0,138.0,19548064.0,19548064.0,86.94,1961771.5,10764.0
135,45,68.5,661.0,359.0,179883157.0,373062864.0,236.93999999999997,28068765.5,237299.0
136,45,68.5,224.0,137.0,31806100.0,31806100.0,83.57,6649021.0,30688.0
137,45,68.5,541.0,131.0,9353573.0,57497699.0,34.06,4285086.0,70871.0
138,45,68.5,1263.0,458.0,107509799.0,185258983.0,348.08,29448150.0,578454.0
139,45,68.5,15.0,11.0,30955.0,30955.0,3.41,66034.0,165.0
140,47,66.0,821.0,449.0,48071303.0,96188903.0,341.24,31458174.0,368629.0
141,47,68.5,684.0,469.0,172062763.0,400062763.0,318.91999999999996,19503183.0,320796.0
142,47,68.5,35.0,88.0,48398.0,48398.0,55.44,605471.5,3080.0
143,47,63.0,199.0,231.0,148415853.0,321885765.0,168.63,12234537.0,45969.0
144,47,68.5,756.0,465.0,312433331.0,623933331.0,325.5,40746951.0,351540.0
145,47,68.5,185.0,180.0,10539414.0,10539414.0,84.6,3397531.5,33300.0
146,47,68.5,93.0,65.0,44462.0,44462.0,44.199999999999996,2282214.5,6045.0
147,49,65.0,716.0,506.0,146408305.0,353624124.0,394.68,37458915.0,362296.0
148,49,68.5,221.0,240.0,322157.0,322157.0,163.2,4626284.5,53040.0
149,49,68.5,452.0,444.0,98780042.0,227817248.0,257.52,9897496.5,200688.0
150,49,68.5,770.0,533.0,181030624.0,449326618.0,373.09999999999997,42107703.5,410410.0
151,49,68.5,7.0,5.0,51546.0,7200000.0,2.2000000000000006,88365.0,35.0
152,49,66.0,723.0,524.0,176654505.0,370569774.0,361.56,38940066.0,378852.0
153,49,68.5,569.0,439.0,116601172.0,219851172.0,245.83999999999997,16526104.5,249791.0
154,49,68.5,311.0,56.0,2511689.0,35911689.0,26.88,2318793.5,17416.0
155,75,68.5,9.0,39.0,345.0,345.0,27.689999999999998,210432.0,351.0
156,75,68.5,343.0,289.0,51774002.0,149217355.0,124.27,6692039.0,99127.0
157,75,69.0,1749.0,715.0,623357910.0,1519557910.0,579.15,75621792.0,1250535.0
158,75,66.0,1256.0,614.0,262030663.0,757930663.0,429.79999999999995,32852028.0,771184.0
159,75,78.0,2770.0,825.0,448139099.0,1084939099.0,693.0000000000001,101447970.0,2285250.0
160,75,68.5,4.0,5.0,68677.0,68677.0,2.5,51512.0,20.0
161,65,62.0,1210.0,619.0,409013994.0,1215439994.0,445.68,38968116.0,748990.0
162,65,68.5,381.0,183.0,8828771.0,8828771.0,78.69,6033822.5,69723.0
163,65,68.5,558.0,455.0,132556852.0,414828246.0,304.85,25774221.0,253890.0
164,65,68.5,731.0,456.0,89302115.0,260502115.0,296.40000000000003,13691574.5,333336.0
165,65,68.5,569.0,497.0,206362140.0,644783140.0,347.9,33028782.0,282793.0
166,65,68.5,153.0,32.0,2191343.0,2191343.0,16.96,1214025.5,4896.0
167,65,68.5,387.0,351.0,28795985.0,63297114.0,231.65999999999997,15498467.5,135837.0
168,65,68.5,2607.0,737.0,291045518.0,668045518.0,523.27,41884736.0,1921359.0
169,82,70.0,781.0,586.0,259766572.0,714766572.0,457.08000000000004,41254920.0,457666.0
170,82,76.0,1184.0,683.0,333176600.0,774176600.0,553.2299999999999,63141788.0,808672.0
171,82,83.0,495.0,452.0,257760692.0,468760692.0,352.56,23552910.0,223740.0
172,82,68.5,1107.0,518.0,202853933.0,708982323.0,347.06,24916738.0,573426.0
173,82,68.5,54.0,76.0,15388.0,15388.0,50.16,1149156.0,4104.0
174,82,68.5,515.0,353.0,191204754.0,493333584.0,204.73999999999998,12703873.0,181795.0
175,82,88.0,1185.0,605.0,42340598.0,103215094.0,465.85,42113632.0,716925.0
176,82,74.0,462.0,396.0,222527828.0,657827828.0,308.88,24851272.0,182952.0
177,82,75.0,772.0,549.0,233921534.0,748121534.0,439.20000000000005,43713375.0,423828.0
178,65,62.0,156.0,149.0,162994032.0,323436538.0,89.39999999999999,2495500.0,23244.0
179,65,66.0,1154.0,662.0,459005868.0,1405413868.0,489.88,37733256.0,763948.0
180,65,64.0,595.0,540.0,180202163.0,519445163.0,394.2,26867008.0,321300.0
181,65,68.5,757.0,404.0,56117548.0,167977596.0,173.72,9002475.5,305828.0
182,65,68.5,112.0,190.0,50000.0,50000.0,127.30000000000001,1477887.5,21280.0
183,63,68.5,3372.0,759.0,330360194.0,873260194.0,500.93999999999994,36268695.0,2559348.0
184,63,68.5,745.0,459.0,155442489.0,543934787.0,321.29999999999995,21664221.0,341955.0
185,63,65.0,1269.0,629.0,363070709.0,783112979.0,503.20000000000005,46612670.0,798201.0
186,63,68.5,194.0,230.0,82051601.0,245623848.0,138.0,4792945.0,44620.0
187,63,72.0,750.0,536.0,232641920.0,677718395.0,402.0,29020032.0,402000.0
188,63,68.5,187.0,122.0,3775000.0,3775000.0,79.3,2669445.0,22814.0
189,63,68.5,1901.0,655.0,325100054.0,745600054.0,399.55,32488454.0,1245155.0
190,63,68.5,70.0,37.0,3818664.0,6272403.0,17.02,1024417.5,2590.0
191,63,75.0,1246.0,623.0,408084349.0,1153304495.0,485.94,36523950.0,776258.0
192,39,73.0,1009.0,504.0,334201140.0,880166924.0,378.0,22404649.0,508536.0
193,39,69.0,91.0,122.0,73921000.0,73921000.0,75.64,1230063.0,11102.0
194,39,74.0,1011.0,458.0,315058289.0,802233599.0,361.82,22365390.0,463038.0
195,39,68.5,80.0,119.0,59281555.0,59281555.0,71.39999999999999,878649.5,9520.0
196,39,62.0,643.0,515.0,138291365.0,278454358.0,375.95,16138724.0,331145.0
197,39,68.5,1481.0,432.0,229024295.0,614729668.0,289.44,16481100.0,639792.0
198,39,68.5,430.0,279.0,85067486.0,85067486.0,167.4,5533019.0,119970.0
199,39,68.5,811.0,419.0,40533014.0,130246659.0,268.16,10303085.0,339809.0
200,39,77.0,1270.0,598.0,226277068.0,619021436.0,484.37999999999994,36405908.0,759460.0
201,39,75.0,267.0,379.0,175750384.0,311950384.0,276.67,7362300.0,101193.0
202,39,67.0,832.0,532.0,389813101.0,863756051.0,409.64,24422170.0,442624.0
203,39,76.0,1758.0,642.0,412563408.0,821763408.0,481.5,30622528.0,1128636.0
