,Y,X1,X2,X3,X4,X5,X6,X7,X8
0,1,0.55,13.0,68.0,1.0,1.0,19167085.0,53786889.5,53786889.5
1,1,0.58,15.0,68.0,1.0,16.0,19167085.0,53786889.5,53786889.5
2,1,0.61,10.0,68.0,1.0,16.0,19167085.0,53786889.5,53786889.5
3,1,0.65,38.0,68.0,1.0,1.0,19167085.0,53786889.5,53786889.5
4,1,0.64,204.0,68.0,5.0,2.0,19167085.0,53786889.5,53786889.5
5,1,0.71,52.0,68.0,2.0,16.0,19167085.0,53786889.5,53786889.5
6,2,0.74,382.0,68.0,8.0,16.0,19167085.0,53786889.5,53786889.5
7,3,0.58,15.0,68.0,1.0,1.0,19167085.0,53786889.5,53786889.5
8,3,0.6,20.0,68.0,2.0,16.0,19167085.0,53786889.5,53786889.5
9,2,0.6900000000000001,443.0,68.0,17.0,1.0,19167085.0,53786889.5,53786889.5
10,1,0.61,28.0,68.0,1.0,1.0,19167085.0,53786889.5,53786889.5
11,1,0.63,24.0,68.0,2.0,16.0,19167085.0,53786889.5,53786889.5
12,1,0.6599999999999999,149.0,68.0,6.0,16.0,19167085.0,53786889.5,53786889.5
13,0,0.71,528.0,68.0,4.0,16.0,19167085.0,53786889.5,53786889.5
14,0,0.54,794.0,68.0,24.0,9.0,19167085.0,53786889.5,53786889.5
15,1,0.52,17.0,68.0,1.0,16.0,19167085.0,53786889.5,53786889.5
16,1,0.2,2308.0,68.0,63.0,16.0,19167085.0,53786889.5,53786889.5
17,1,0.48,32.0,68.0,2.0,2.0,19167085.0,53786889.5,53786889.5
18,1,0.55,67.0,68.0,1.0,6.0,19167085.0,53786889.5,53786889.5
19,2,0.55,137.0,68.0,2.0,9.0,19167085.0,53786889.5,53786889.5
20,2,0.62,687.0,68.0,1.0,16.0,19167085.0,53786889.5,53786889.5
21,2,0.22000000000000008,2598.0,68.0,83.0,24.0,19167085.0,53786889.5,53786889.5
22,2,0.48,46.0,68.0,2.0,1.0,19167085.0,53786889.5,53786889.5
23,3,0.33,967.0,68.0,26.0,17.0,19167085.0,53786889.5,53786889.5
24,3,0.5900000000000001,192.0,68.0,14.0,10.0,19167085.0,53786889.5,53786889.5
25,3,0.62,53.0,68.0,1.0,16.0,19167085.0,53786889.5,53786889.5
26,2,0.45,146.0,68.0,9.0,5.0,19167085.0,53786889.5,53786889.5
27,2,0.32,183.0,68.0,3.0,5.0,19167085.0,53786889.5,53786889.5
28,2,0.46,67.0,68.0,3.0,2.0,19167085.0,53786889.5,53786889.5
29,2,0.37,352.0,68.0,25.0,12.0,19167085.0,53786889.5,53786889.5
30,2,0.63,18.0,68.0,1.0,16.0,19167085.0,53786889.5,53786889.5
31,2,0.48,6.0,68.0,1.0,16.0,19167085.0,53786889.5,53786889.5
32,2,0.4,6.0,68.0,1.0,16.0,19167085.0,53786889.5,53786889.5
33,17,0.36,375.0,68.0,7.0,11.0,19167085.0,53786889.5,53786889.5
34,17,0.4,267.0,68.0,17.0,8.0,19167085.0,53786889.5,53786889.5
35,17,0.31,556.0,68.0,23.0,13.0,19167085.0,53786889.5,53786889.5
36,17,0.5,352.0,68.0,14.0,10.0,19167085.0,53786889.5,53786889.5
37,17,0.63,84.0,68.0,5.0,6.0,19167085.0,53786889.5,53786889.5
38,19,0.53,52.0,68.0,1.0,8.0,19167085.0,53786889.5,53786889.5
39,19,0.36,646.0,68.0,37.0,22.0,19167085.0,53786889.5,53786889.5
40,19,0.74,787.0,68.0,8.0,46.0,19167085.0,53786889.5,53786889.5
41,19,0.62,687.0,68.0,1.0,16.0,19167085.0,53786889.5,53786889.5
42,19,0.53,38.0,68.0,2.0,4.0,19167085.0,53786889.5,53786889.5
43,19,0.65,26155.0,68.0,163.0,60.0,19167085.0,53786889.5,53786889.5
44,8,0.5900000000000001,144.0,68.0,4.0,9.0,19167085.0,53786889.5,53786889.5
45,8,0.48,5.0,68.0,1.0,16.0,19167085.0,53786889.5,53786889.5
46,8,0.48,21.0,68.0,1.0,3.0,19167085.0,53786889.5,53786889.5
47,8,0.55,65.0,68.0,1.0,14.0,19167085.0,53786889.5,53786889.5
48,8,0.45,42.0,68.0,4.0,1.0,19167085.0,53786889.5,53786889.5
49,8,0.55,258.0,68.0,9.0,13.0,19167085.0,53786889.5,53786889.5
50,8,0.53,13.0,68.0,1.0,16.0,19167085.0,53786889.5,53786889.5
51,3,0.6900000000000001,12.0,68.0,2.0,1.0,19167085.0,53786889.5,53786889.5
52,3,0.47,178.0,68.0,7.0,14.0,19167085.0,53786889.5,53786889.5
53,3,0.42,54.0,68.0,4.0,3.0,19167085.0,53786889.5,53786889.5
54,3,0.53,140.0,68.0,4.0,7.0,19167085.0,53786889.5,53786889.5
55,3,0.6,160.0,68.0,3.0,18.0,19167085.0,53786889.5,53786889.5
56,3,0.61,84.0,68.0,1.0,8.0,19167085.0,53786889.5,53786889.5
57,1,0.51,22.0,68.0,2.0,16.0,19167085.0,53786889.5,53786889.5
58,1,0.6599999999999999,868.0,68.0,14.0,27.0,19167085.0,53786889.5,53786889.5
59,1,0.4400000000000001,34.0,68.0,1.0,11.0,19167085.0,53786889.5,53786889.5
60,1,0.62,199.0,68.0,3.0,11.0,19167085.0,53786889.5,53786889.5
61,1,0.58,24.0,68.0,1.0,16.0,19167085.0,53786889.5,53786889.5
62,1,0.37,191.0,68.0,16.0,5.0,19167085.0,53786889.5,53786889.5
63,3,0.55,61.0,68.0,1.0,5.0,19167085.0,53786889.5,53786889.5
64,3,0.61,62.0,68.0,2.0,4.0,19167085.0,53786889.5,53786889.5
65,3,0.65,207.0,68.0,8.0,16.0,19167085.0,53786889.5,53786889.5
66,3,0.53,42.0,68.0,4.0,16.0,19167085.0,53786889.5,53786889.5
67,3,0.32,15161.0,68.0,141.0,41.0,19167085.0,53786889.5,53786889.5
68,5,0.5900000000000001,322.0,68.0,12.0,15.0,19167085.0,53786889.5,53786889.5
69,5,0.5900000000000001,117.0,68.0,6.0,8.0,19167085.0,53786889.5,53786889.5
70,5,0.67,294.0,68.0,11.0,2.0,19167085.0,53786889.5,53786889.5
71,5,0.52,21.0,68.0,1.0,16.0,19167085.0,53786889.5,53786889.5
72,6,0.63,161.0,68.0,5.0,6.0,19167085.0,53786889.5,53786889.5
73,6,0.4400000000000001,37.0,68.0,1.0,1.0,19167085.0,53786889.5,53786889.5
74,6,0.53,26.0,68.0,2.0,16.0,19167085.0,53786889.5,53786889.5
75,6,0.61,163.0,68.0,6.0,9.0,19167085.0,53786889.5,53786889.5
76,6,0.51,24.0,68.0,3.0,1.0,19167085.0,53786889.5,53786889.5
77,8,0.6599999999999999,176.0,68.0,4.0,16.0,19167085.0,53786889.5,53786889.5
78,8,0.65,87.0,68.0,5.0,3.0,19167085.0,53786889.5,53786889.5
79,8,0.5700000000000001,293.0,68.0,10.0,10.0,19167085.0,53786889.5,53786889.5
80,8,0.6799999999999999,120.0,68.0,1.0,16.0,19167085.0,53786889.5,53786889.5
81,8,0.71,2841.0,68.0,21.0,2.0,19167085.0,53786889.5,53786889.5
82,8,0.39,29.0,68.0,4.0,1.0,19167085.0,53786889.5,53786889.5
83,8,0.6,21.0,68.0,1.0,2.0,19167085.0,53786889.5,53786889.5
84,8,0.4,41.0,68.0,3.0,4.0,19167085.0,53786889.5,53786889.5
85,7,0.52,202.0,68.0,2.0,5.0,19167085.0,53786889.5,53786889.5
86,7,0.62,687.0,68.0,1.0,16.0,19167085.0,53786889.5,53786889.5
87,7,0.47,3438.0,68.0,45.0,62.0,19167085.0,53786889.5,53786889.5
88,7,0.63,148.0,68.0,5.0,12.0,19167085.0,53786889.5,53786889.5
89,11,0.64,1470.0,68.0,39.0,67.0,19167085.0,53786889.5,53786889.5
90,11,0.38,159.0,68.0,13.0,3.0,19167085.0,53786889.5,53786889.5
91,15,0.62,49.0,68.0,1.0,16.0,19167085.0,53786889.5,53786889.5
92,15,0.6599999999999999,2488.0,68.0,24.0,7.0,19167085.0,53786889.5,1221944.0
93,15,0.5700000000000001,223.0,68.0,3.0,3.0,19167085.0,53786889.5,53786889.5
94,15,0.65,80.0,68.0,2.0,6.0,19167085.0,53786889.5,53786889.5
95,12,0.51,41.0,68.0,1.0,5.0,19167085.0,53786889.5,53786889.5
96,12,0.39,318.0,68.0,15.0,9.0,19167085.0,53786889.5,53786889.5
97,17,0.67,41.0,68.0,2.0,16.0,19167085.0,53786889.5,53786889.5
98,17,0.55,1260.0,68.0,25.0,24.0,19167085.0,53786889.5,53786889.5
99,17,0.47,2457.0,68.0,80.0,38.0,19167085.0,53786889.5,53786889.5
100,17,0.73,140117.0,86.0,517.0,176.0,7465343.0,134218018.0,166200000.0
101,14,0.4,39.0,68.0,4.0,6.0,19167085.0,53786889.5,53786889.5
102,14,0.55,638.0,68.0,9.0,8.0,19167085.0,53786889.5,53786889.5
103,14,0.4,838.0,68.0,20.0,22.0,19167085.0,53786889.5,53786889.5
104,14,0.38,1182.0,68.0,30.0,26.0,19167085.0,53786889.5,53786889.5
105,14,0.5700000000000001,27.0,68.0,2.0,1.0,19167085.0,53786889.5,53786889.5
106,11,0.65,42635.0,68.0,260.0,106.0,3934030.0,27107960.0,27107960.0
107,11,0.65,42635.0,68.0,260.0,106.0,3934030.0,27107960.0,27107960.0
108,11,0.22000000000000008,3792.0,68.0,96.0,16.0,19167085.0,53786889.5,53786889.5
109,11,0.31,626.0,68.0,14.0,15.0,19167085.0,53786889.5,53786889.5
110,11,0.61,1139.0,68.0,16.0,10.0,19167085.0,15934737.0,15934737.0
111,11,0.22000000000000008,3792.0,68.0,96.0,16.0,19167085.0,53786889.5,53786889.5
112,8,0.64,5607.0,68.0,38.0,21.0,19167085.0,53786889.5,53786889.5
113,8,0.64,5607.0,68.0,38.0,21.0,19167085.0,53786889.5,53786889.5
114,8,0.58,3919.0,68.0,38.0,14.0,19167085.0,53786889.5,53786889.5
115,8,0.61,3540.0,68.0,51.0,14.0,19167085.0,11118000.0,11118000.0
116,8,0.61,3540.0,68.0,51.0,14.0,19167085.0,11118000.0,11118000.0
117,8,0.58,3918.0,68.0,38.0,14.0,19167085.0,53786889.5,53786889.5
118,8,0.6799999999999999,85554.0,87.0,277.0,127.0,14100523.0,108185706.0,108185706.0
119,8,0.5,1538.0,68.0,43.0,28.0,2945600.0,12617845.0,12617845.0
120,8,0.5,1538.0,68.0,43.0,28.0,2945600.0,12617845.0,12617845.0
121,8,0.5700000000000001,517.0,68.0,8.0,7.0,19167085.0,53786889.5,53786889.5
122,8,0.6799999999999999,85553.0,87.0,277.0,127.0,14100523.0,108185706.0,108185706.0
123,12,0.6599999999999999,87.0,68.0,1.0,1.0,19167085.0,53786889.5,53786889.5
124,12,0.54,10773.0,68.0,82.0,88.0,19167085.0,53786889.5,53786889.5
125,12,0.54,10773.0,68.0,82.0,88.0,19167085.0,53786889.5,53786889.5
126,12,0.6799999999999999,101828.0,68.0,282.0,161.0,4761795.0,33000000.0,33000000.0
127,12,0.6799999999999999,101828.0,68.0,282.0,161.0,4761795.0,33000000.0,33000000.0
128,12,0.62,18.0,68.0,1.0,16.0,19167085.0,53786889.5,53786889.5
129,12,0.62,18.0,68.0,1.0,16.0,19167085.0,53786889.5,53786889.5
130,12,0.6599999999999999,87.0,68.0,1.0,1.0,19167085.0,53786889.5,53786889.5
131,8,0.7,937.0,68.0,17.0,11.0,19167085.0,53786889.5,53786889.5
132,8,0.7,937.0,68.0,17.0,11.0,19167085.0,53786889.5,53786889.5
133,8,0.4900000000000001,56038.0,68.0,237.0,101.0,13352357.0,59950623.0,59950623.0
134,8,0.4900000000000001,56038.0,68.0,237.0,101.0,13352357.0,59950623.0,59950623.0
135,10,0.47,34.0,68.0,1.0,16.0,19167085.0,53786889.5,53786889.5
136,10,0.47,34.0,68.0,1.0,16.0,19167085.0,53786889.5,53786889.5
137,10,0.5700000000000001,577.0,68.0,22.0,16.0,19167085.0,53786889.5,53786889.5
138,10,0.5700000000000001,577.0,68.0,22.0,16.0,19167085.0,53786889.5,53786889.5
139,16,0.74,34.0,68.0,2.0,16.0,19167085.0,53786889.5,53786889.5
140,16,0.74,34.0,68.0,2.0,16.0,19167085.0,53786889.5,53786889.5
141,17,0.8,45.0,68.0,1.0,16.0,19167085.0,53786889.5,53786889.5
142,17,0.46,37393.0,68.0,286.0,81.0,5070136.0,16295774.0,21667000.0
143,17,0.46,37393.0,68.0,286.0,81.0,5070136.0,16295774.0,21667000.0
144,17,0.62,21264.0,68.0,155.0,107.0,19167085.0,53786889.5,53786889.5
145,17,0.58,342.0,68.0,12.0,5.0,291126.0,1268443.0,1268443.0
146,17,0.58,342.0,68.0,12.0,5.0,291126.0,1268443.0,1268443.0
147,17,0.8,45.0,68.0,1.0,16.0,19167085.0,53786889.5,53786889.5
148,17,0.6,13.0,68.0,1.0,16.0,19167085.0,53786889.5,53786889.5
149,17,0.62,21264.0,68.0,155.0,107.0,19167085.0,53786889.5,53786889.5
150,17,0.6,13.0,68.0,1.0,16.0,19167085.0,53786889.5,53786889.5
151,16,0.58,145.0,68.0,8.0,11.0,19167085.0,53786889.5,53786889.5
152,16,0.75,202542.0,67.0,469.0,264.0,8008721.0,53424681.0,53424681.0
153,16,0.58,145.0,68.0,8.0,11.0,19167085.0,53786889.5,53786889.5
154,16,0.37,36975.0,68.0,273.0,100.0,19167085.0,15681020.0,15681020.0
155,16,0.58,200.0,68.0,4.0,3.0,19167085.0,53786889.5,53786889.5
156,16,0.75,202542.0,67.0,469.0,264.0,8008721.0,53424681.0,53424681.0
157,16,0.58,200.0,68.0,4.0,3.0,19167085.0,53786889.5,53786889.5
158,16,0.37,36975.0,68.0,273.0,100.0,19167085.0,15681020.0,15681020.0
159,14,0.7,41.0,68.0,2.0,16.0,19167085.0,53786889.5,53786889.5
160,14,0.7,41.0,68.0,2.0,16.0,19167085.0,53786889.5,53786889.5
161,14,0.53,24.0,68.0,1.0,16.0,19167085.0,53786889.5,53786889.5
162,14,0.53,24.0,68.0,1.0,16.0,19167085.0,53786889.5,53786889.5
163,14,0.58,2368.0,68.0,25.0,15.0,19167085.0,53786889.5,53786889.5
164,14,0.58,2368.0,68.0,25.0,15.0,19167085.0,53786889.5,53786889.5
165,16,0.5700000000000001,18478.0,68.0,169.0,97.0,19167085.0,53786889.5,53786889.5
166,16,0.37,253.0,68.0,15.0,11.0,19167085.0,53786889.5,53786889.5
167,16,0.4400000000000001,3660.0,68.0,33.0,29.0,52080.0,363561.0,363561.0
168,16,0.37,253.0,68.0,15.0,11.0,19167085.0,53786889.5,53786889.5
169,16,0.5700000000000001,50.0,68.0,3.0,1.0,19167085.0,53786889.5,53786889.5
170,16,0.7,46.0,68.0,2.0,1.0,19167085.0,53786889.5,53786889.5
171,16,0.5700000000000001,50.0,68.0,3.0,1.0,19167085.0,53786889.5,53786889.5
172,16,0.5700000000000001,18478.0,68.0,169.0,97.0,19167085.0,53786889.5,53786889.5
173,16,0.7,46.0,68.0,2.0,1.0,19167085.0,53786889.5,53786889.5
174,16,0.45,8.0,68.0,1.0,16.0,19167085.0,53786889.5,53786889.5
175,16,0.4400000000000001,3660.0,68.0,33.0,29.0,52080.0,363561.0,363561.0
176,16,0.71,4870.0,68.0,20.0,3.0,19167085.0,53786889.5,9060335.0
177,16,0.45,8.0,68.0,1.0,16.0,19167085.0,53786889.5,53786889.5
178,16,0.51,5227.0,68.0,45.0,37.0,28950.0,792966.0,792966.0
179,16,0.51,5227.0,68.0,45.0,37.0,28950.0,792966.0,792966.0
180,16,0.6,2034.0,68.0,26.0,11.0,19167085.0,53786889.5,53786889.5
181,16,0.45,3183.0,68.0,42.0,27.0,19167085.0,192816.0,192816.0
182,16,0.6,2034.0,68.0,26.0,11.0,19167085.0,53786889.5,53786889.5
183,16,0.76,297397.0,69.0,859.0,188.0,40489746.0,251188924.0,411348924.0
184,16,0.76,297398.0,69.0,859.0,188.0,40489746.0,251188924.0,411348924.0
185,16,0.71,4870.0,68.0,20.0,3.0,19167085.0,53786889.5,9060335.0
186,16,0.45,3183.0,68.0,42.0,27.0,19167085.0,192816.0,192816.0
187,17,0.33,9479.0,68.0,127.0,76.0,19167085.0,53786889.5,53786889.5
188,17,0.58,71020.0,68.0,240.0,98.0,14145411.0,45681173.0,45681173.0
189,17,0.54,18.0,68.0,2.0,1.0,19167085.0,53786889.5,53786889.5
190,17,0.54,18.0,68.0,2.0,1.0,19167085.0,53786889.5,53786889.5
191,17,0.64,51823.0,65.0,149.0,135.0,8054860.0,33878502.0,48878520.0
192,17,0.64,51823.0,65.0,149.0,135.0,8054860.0,33878502.0,48878520.0
193,17,0.58,71020.0,68.0,240.0,98.0,14145411.0,45681173.0,45681173.0
194,17,0.33,9479.0,68.0,127.0,76.0,19167085.0,53786889.5,53786889.5
195,17,0.45,6.0,68.0,1.0,16.0,19167085.0,53786889.5,53786889.5
196,17,0.65,21.0,68.0,2.0,2.0,19167085.0,53786889.5,53786889.5
197,17,0.65,21.0,68.0,2.0,2.0,19167085.0,53786889.5,53786889.5
198,17,0.67,75003.0,68.0,203.0,113.0,19167085.0,135265915.0,201965915.0
199,17,0.67,75003.0,68.0,203.0,113.0,19167085.0,135265915.0,201965915.0
200,17,0.5900000000000001,1798.0,68.0,27.0,9.0,19167085.0,53786889.5,53786889.5
201,17,0.5900000000000001,1798.0,68.0,27.0,9.0,19167085.0,53786889.5,53786889.5
202,17,0.45,6.0,68.0,1.0,16.0,19167085.0,53786889.5,53786889.5
203,17,0.64,46565.0,62.0,138.0,93.0,9600754.0,46704056.0,46704056.0
204,17,0.64,46565.0,62.0,138.0,93.0,9600754.0,46704056.0,46704056.0
205,17,0.58,90.0,68.0,8.0,8.0,19167085.0,53786889.5,53786889.5
206,17,0.65,79.0,68.0,4.0,1.0,19167085.0,53786889.5,53786889.5
207,17,0.58,90.0,68.0,8.0,8.0,19167085.0,53786889.5,53786889.5
208,17,0.5900000000000001,2350.0,68.0,23.0,33.0,19167085.0,53786889.5,53786889.5
209,17,0.5900000000000001,2350.0,68.0,23.0,33.0,19167085.0,53786889.5,53786889.5
210,17,0.71,790.0,68.0,9.0,3.0,19167085.0,53786889.5,53786889.5
211,17,0.71,790.0,68.0,9.0,3.0,19167085.0,53786889.5,53786889.5
212,17,0.65,79.0,68.0,4.0,1.0,19167085.0,53786889.5,53786889.5
213,15,0.5900000000000001,1022.0,68.0,23.0,31.0,19167085.0,53786889.5,53786889.5
214,15,0.5900000000000001,1022.0,68.0,23.0,31.0,19167085.0,53786889.5,53786889.5
215,15,0.7,239433.0,68.0,638.0,167.0,45687710.0,162831698.0,282800000.0
216,15,0.7,239433.0,68.0,638.0,167.0,45687710.0,162831698.0,282800000.0
217,15,0.4900000000000001,4034.0,68.0,52.0,45.0,19167085.0,53786889.5,53786889.5
218,15,0.54,228.0,68.0,9.0,16.0,19167085.0,53786889.5,53786889.5
219,15,0.54,228.0,68.0,9.0,16.0,19167085.0,53786889.5,53786889.5
220,15,0.4900000000000001,4034.0,68.0,52.0,45.0,19167085.0,53786889.5,53786889.5
221,28,0.51,6121.0,68.0,25.0,18.0,19167085.0,8023147.0,8023147.0
222,28,0.65,8.0,68.0,1.0,1.0,19167085.0,53786889.5,53786889.5
223,28,0.4,39282.0,68.0,195.0,90.0,19167085.0,10696210.0,10696210.0
224,28,0.4,39282.0,68.0,195.0,90.0,19167085.0,10696210.0,10696210.0
225,28,0.55,112.0,68.0,6.0,1.0,19167085.0,53786889.5,53786889.5
226,28,0.51,6121.0,68.0,25.0,18.0,19167085.0,8023147.0,8023147.0
227,28,0.5900000000000001,119.0,68.0,2.0,7.0,19167085.0,53786889.5,53786889.5
228,28,0.65,118.0,68.0,3.0,8.0,19167085.0,53786889.5,53786889.5
229,28,0.48,27285.0,68.0,92.0,64.0,19167085.0,42660000.0,42660000.0
230,28,0.48,27285.0,68.0,92.0,64.0,19167085.0,42660000.0,42660000.0
231,28,0.6599999999999999,2742.0,68.0,38.0,45.0,19167085.0,53786889.5,53786889.5
232,28,0.6599999999999999,2742.0,68.0,38.0,45.0,19167085.0,53786889.5,53786889.5
233,28,0.65,118.0,68.0,3.0,8.0,19167085.0,53786889.5,53786889.5
234,38,0.4900000000000001,65.0,68.0,2.0,2.0,19167085.0,53786889.5,53786889.5
235,38,0.6900000000000001,295849.0,68.0,230.0,65.0,23117068.0,119938730.0,351583407.0
236,38,0.64,23.0,68.0,1.0,16.0,19167085.0,53786889.5,53786889.5
237,38,0.4900000000000001,7586.0,68.0,24.0,11.0,3715480.0,7892208.0,7892208.0
238,38,0.6,20459.0,68.0,150.0,78.0,19167085.0,32055248.0,48055248.0
239,38,0.55,321.0,68.0,6.0,9.0,19167085.0,53786889.5,53786889.5
240,38,0.6,2732.0,68.0,38.0,36.0,19167085.0,53786889.5,53786889.5
241,38,0.6599999999999999,32.0,68.0,5.0,16.0,19167085.0,53786889.5,53786889.5
242,38,0.64,27.0,68.0,2.0,16.0,19167085.0,53786889.5,53786889.5
243,38,0.6,84.0,68.0,2.0,5.0,19167085.0,53786889.5,53786889.5
244,35,0.53,26961.0,68.0,178.0,66.0,19167085.0,4064333.0,6600000.0
245,35,0.54,209792.0,68.0,572.0,157.0,52784433.0,184031112.0,152500000.0
246,35,0.51,22254.0,68.0,137.0,79.0,13104788.0,37804616.0,66050379.0
247,35,0.55,97678.0,68.0,233.0,106.0,12291536.0,34693481.0,113493481.0
248,35,0.51,4076.0,68.0,41.0,31.0,19167085.0,53786889.5,53786889.5
249,35,0.48,894.0,68.0,20.0,17.0,19167085.0,53786889.5,53786889.5
250,35,0.7,1573.0,68.0,9.0,4.0,19167085.0,53786889.5,7417517.0
251,35,0.7,1573.0,68.0,9.0,4.0,19167085.0,53786889.5,7417517.0
252,28,0.37,1183.0,68.0,38.0,22.0,19167085.0,53786889.5,53786889.5
253,28,0.55,78403.0,68.0,177.0,84.0,12112267.0,60592389.0,129832389.0
254,28,0.34,2178.0,68.0,27.0,6.0,19167085.0,53786889.5,53786889.5
255,28,0.62,687.0,68.0,1.0,16.0,19167085.0,53786889.5,53786889.5
256,28,0.46,17114.0,68.0,168.0,52.0,9785111.0,17883659.0,7500000.0
257,28,0.62,180.0,68.0,8.0,16.0,19167085.0,53786889.5,53786889.5
258,28,0.48,2964.0,68.0,29.0,25.0,19167085.0,53786889.5,53786889.5
259,28,0.78,2181.0,68.0,10.0,3.0,19167085.0,53786889.5,53786889.5
260,28,0.4900000000000001,29463.0,68.0,159.0,61.0,5072346.0,17300889.0,17300889.0
261,28,0.34,760.0,68.0,19.0,2.0,19167085.0,53786889.5,53786889.5
262,28,0.32,22065.0,68.0,98.0,71.0,19167085.0,3794000.0,3794000.0
263,28,0.8400000000000001,37.0,68.0,1.0,16.0,19167085.0,53786889.5,53786889.5
264,28,0.63,15.0,68.0,1.0,16.0,19167085.0,53786889.5,53786889.5
265,28,0.47,1445.0,68.0,27.0,10.0,19167085.0,53786889.5,53786889.5
266,28,0.6900000000000001,11.0,68.0,1.0,16.0,19167085.0,53786889.5,53786889.5
267,26,0.64,96.0,68.0,2.0,1.0,19167085.0,53786889.5,53786889.5
268,26,0.78,7126.0,68.0,30.0,11.0,19167085.0,53786889.5,53786889.5
269,26,0.61,25.0,68.0,1.0,16.0,19167085.0,53786889.5,53786889.5
270,26,0.28,9563.0,68.0,68.0,38.0,870068.0,1710972.0,1710972.0
271,26,0.52,57412.0,68.0,218.0,79.0,21210131.0,54967359.0,87949859.0
272,26,0.73,167138.0,74.0,174.0,89.0,249567.0,99046791.0,252712101.0
273,26,0.74,77.0,68.0,4.0,16.0,19167085.0,53786889.5,53786889.5
274,26,0.33,602.0,68.0,14.0,3.0,19167085.0,53786889.5,53786889.5
275,26,0.46,2477.0,68.0,32.0,23.0,3277084.0,6448817.0,6448817.0
276,26,0.74,585.0,68.0,4.0,1.0,19167085.0,53786889.5,53786889.5
277,26,0.35,7325.0,68.0,54.0,30.0,3301135.0,8109349.0,8109349.0
278,26,0.37,207.0,68.0,7.0,4.0,19167085.0,53786889.5,53786889.5
279,26,0.31,886.0,68.0,42.0,16.0,19167085.0,53786889.5,53786889.5
280,26,0.37,207536.0,68.0,1057.0,201.0,42872606.0,107325195.0,238207122.0
281,25,0.78,97.0,68.0,1.0,1.0,19167085.0,53786889.5,53786889.5
282,25,0.5700000000000001,510.0,68.0,5.0,1.0,19167085.0,53786889.5,53786889.5
283,25,0.71,213279.0,68.0,594.0,195.0,17073856.0,70087718.0,131183530.0
284,25,0.62,31962.0,68.0,172.0,58.0,210073.0,582024.0,582024.0
285,25,0.37,37349.0,68.0,455.0,113.0,10305957.0,23322832.0,25200000.0
286,25,0.37,2266.0,68.0,49.0,21.0,19167085.0,53786889.5,53786889.5
287,25,0.73,10671.0,68.0,46.0,28.0,19167085.0,53786889.5,53786889.5
288,25,0.54,2123.0,68.0,20.0,14.0,3033609.0,7015240.0,7015240.0
289,25,0.67,148980.0,63.0,328.0,154.0,22525855.0,94095523.0,250288523.0
290,26,0.5700000000000001,42.0,68.0,3.0,1.0,19167085.0,53786889.5,53786889.5
291,26,0.76,1048.0,68.0,16.0,1.0,19167085.0,53786889.5,53786889.5
292,26,0.7,66983.0,67.0,378.0,165.0,5811664.0,21133087.0,21133087.0
293,26,0.61,57009.0,65.0,439.0,126.0,10017865.0,29655590.0,29655590.0
294,26,0.41,39958.0,68.0,233.0,72.0,21889138.0,97403112.0,134403112.0
295,26,0.54,31.0,68.0,1.0,2.0,19167085.0,53786889.5,53786889.5
296,26,0.82,501.0,68.0,3.0,16.0,19167085.0,53786889.5,53786889.5
297,26,0.61,9925.0,68.0,99.0,70.0,4449692.0,12491455.0,12491455.0
298,26,0.78,4436.0,68.0,12.0,2.0,19167085.0,53786889.5,53786889.5
299,26,0.73,498.0,68.0,3.0,1.0,19167085.0,53786889.5,53786889.5
300,30,0.75,1046.0,68.0,8.0,3.0,19167085.0,53786889.5,53786889.5
301,30,0.82,5.0,68.0,1.0,16.0,19167085.0,53786889.5,53786889.5
302,30,0.54,651.0,68.0,15.0,1.0,19167085.0,53786889.5,53786889.5
303,30,0.72,291675.0,62.0,1383.0,309.0,30330771.0,95011339.0,154500000.0
304,30,0.74,506528.0,64.0,1408.0,292.0,54471475.0,157299717.0,296339527.0
305,30,0.5900000000000001,2034.0,68.0,54.0,28.0,10131.0,12996.0,12996.0
306,30,0.71,296.0,68.0,18.0,1.0,19167085.0,53786889.5,53786889.5
307,30,0.78,1333.0,68.0,17.0,4.0,19167085.0,53786889.5,53786889.5
308,30,0.78,1817.0,68.0,34.0,7.0,19167085.0,53786889.5,53786889.5
309,30,0.5599999999999999,1491.0,68.0,10.0,16.0,19167085.0,53786889.5,53786889.5
310,30,0.62,687.0,68.0,1.0,16.0,19167085.0,53786889.5,53786889.5
311,30,0.5,9665.0,68.0,152.0,30.0,19167085.0,53786889.5,53786889.5
312,32,0.6799999999999999,171.0,68.0,1.0,16.0,19167085.0,53786889.5,53786889.5
313,32,0.4400000000000001,595.0,68.0,12.0,29.0,19167085.0,53786889.5,53786889.5
314,32,0.76,14084.0,79.0,125.0,102.0,6014653.0,14681661.0,14681661.0
315,32,0.43,1987.0,68.0,56.0,30.0,19167085.0,53786889.5,53786889.5
316,32,0.75,275.0,68.0,3.0,3.0,19167085.0,53786889.5,53786889.5
317,32,0.6900000000000001,136461.0,68.0,870.0,174.0,11018543.0,30059386.0,30059386.0
318,32,0.6799999999999999,3934.0,68.0,18.0,7.0,19167085.0,53786889.5,15218214.0
319,32,0.6799999999999999,3933.0,68.0,18.0,7.0,19167085.0,53786889.5,15218214.0
320,32,0.52,12334.0,68.0,131.0,31.0,1506233.0,3293258.0,3293258.0
321,32,0.48,122.0,68.0,5.0,16.0,19167085.0,53786889.5,53786889.5
322,32,0.63,34.0,68.0,2.0,16.0,19167085.0,53786889.5,53786889.5
323,32,0.82,40.0,68.0,3.0,1.0,19167085.0,53786889.5,53786889.5
324,32,0.7,102.0,68.0,1.0,16.0,19167085.0,53786889.5,53786889.5
325,32,0.8,59.0,68.0,1.0,16.0,19167085.0,53786889.5,53786889.5
326,32,0.6,58.0,68.0,1.0,16.0,19167085.0,53786889.5,53786889.5
327,32,0.78,19331.0,68.0,80.0,21.0,19167085.0,53786889.5,53786889.5
328,32,0.48,122.0,68.0,5.0,16.0,19167085.0,53786889.5,53786889.5
329,33,0.5,78.0,68.0,3.0,2.0,19167085.0,53786889.5,53786889.5
330,33,0.6799999999999999,133.0,68.0,2.0,16.0,19167085.0,53786889.5,53786889.5
331,33,0.75,46.0,68.0,5.0,1.0,19167085.0,53786889.5,53786889.5
332,33,0.77,263.0,68.0,8.0,1.0,19167085.0,53786889.5,53786889.5
333,33,0.75,275.0,68.0,3.0,3.0,19167085.0,53786889.5,53786889.5
334,33,0.6900000000000001,15.0,68.0,3.0,1.0,2800.0,53786889.5,53786889.5
335,33,0.65,8393.0,65.0,76.0,50.0,3583114.0,11411644.0,11411644.0
336,33,0.67,159.0,68.0,2.0,1.0,19167085.0,53786889.5,53786889.5
337,33,0.6799999999999999,8.0,68.0,2.0,16.0,19167085.0,53786889.5,53786889.5
338,33,0.73,603681.0,73.0,2042.0,301.0,114844116.0,403706375.0,821708551.0
339,33,0.61,291.0,68.0,6.0,2.0,19167085.0,53786889.5,53786889.5
340,33,0.67,176718.0,68.0,568.0,232.0,32528016.0,82348319.0,155010032.0
341,33,0.4400000000000001,90.0,68.0,2.0,1.0,19167085.0,53786889.5,53786889.5
342,33,0.4400000000000001,90.0,68.0,2.0,1.0,19167085.0,53786889.5,53786889.5
343,33,0.61,292433.0,68.0,613.0,208.0,52148751.0,190418803.0,441818803.0
344,33,0.5,6.0,68.0,1.0,16.0,19167085.0,53786889.5,53786889.5
345,27,0.8800000000000001,17.0,68.0,1.0,16.0,19167085.0,53786889.5,53786889.5
346,27,0.36,23.0,68.0,6.0,1.0,19167085.0,53786889.5,53786889.5
347,27,0.75,7539.0,68.0,16.0,3.0,19167085.0,53786889.5,1906509.0
348,27,0.75,7539.0,68.0,16.0,3.0,19167085.0,53786889.5,1906509.0
349,27,0.75,44311.0,90.0,224.0,185.0,159705.0,6003587.0,6003587.0
350,27,0.72,526.0,68.0,10.0,1.0,19167085.0,53786889.5,53786889.5
351,27,0.42,32.0,68.0,2.0,16.0,19167085.0,53786889.5,53786889.5
352,27,0.67,396385.0,68.0,2115.0,243.0,48475154.0,139313948.0,427343298.0
353,27,0.63,92.0,68.0,1.0,16.0,19167085.0,53786889.5,53786889.5
354,27,0.39,4030.0,68.0,133.0,47.0,19167085.0,53786889.5,53786889.5
355,27,0.65,11.0,68.0,1.0,16.0,19167085.0,53786889.5,53786889.5
356,27,0.65,11.0,68.0,1.0,16.0,19167085.0,53786889.5,53786889.5
357,27,0.6,126.0,68.0,2.0,16.0,19167085.0,53786889.5,53786889.5
358,27,0.67,8819.0,68.0,36.0,13.0,19167085.0,53786889.5,53786889.5
359,27,0.8300000000000001,365.0,68.0,6.0,16.0,19167085.0,53786889.5,53786889.5
360,27,0.75,5597.0,68.0,112.0,17.0,19167085.0,53786889.5,53786889.5
361,27,0.78,422.0,68.0,6.0,1.0,19167085.0,53786889.5,53786889.5
362,27,0.58,151669.0,68.0,792.0,207.0,23075892.0,66465204.0,179265204.0
363,27,0.62,71.0,68.0,2.0,16.0,19167085.0,53786889.5,53786889.5
364,27,0.36,1530.0,68.0,42.0,22.0,19167085.0,53786889.5,53786889.5
365,27,0.62,46.0,68.0,1.0,16.0,19167085.0,53786889.5,53786889.5
366,27,0.53,189770.0,68.0,1051.0,278.0,45033454.0,102543520.0,179179718.0
367,27,0.51,369.0,68.0,31.0,1.0,19167085.0,53786889.5,53786889.5
368,27,0.34,4695.0,68.0,43.0,12.0,19167085.0,53786889.5,56375000.0
369,27,0.22000000000000008,440.0,68.0,25.0,16.0,19167085.0,53786889.5,53786889.5
370,27,0.45,262.0,68.0,13.0,11.0,19167085.0,53786889.5,53786889.5
371,27,0.75,453982.0,68.0,1074.0,294.0,85558731.0,214949694.0,407711549.0
372,27,0.72,456967.0,62.0,2788.0,271.0,91774413.0,281492479.0,742128461.0
373,27,0.74,65645.0,68.0,140.0,80.0,19167085.0,53786889.5,53786889.5
374,27,0.5700000000000001,229595.0,68.0,1461.0,266.0,62128420.0,132177234.0,113107712.0
375,27,0.74,6876.0,70.0,55.0,76.0,2310.0,14624.0,14624.0
376,31,0.7,712.0,68.0,23.0,1.0,19167085.0,53786889.5,53786889.5
377,31,0.4400000000000001,122.0,68.0,9.0,4.0,19167085.0,53786889.5,53786889.5
378,31,0.73,3995.0,68.0,10.0,3.0,19167085.0,53786889.5,18435583.0
379,31,0.73,3995.0,68.0,10.0,3.0,19167085.0,53786889.5,18435583.0
380,31,0.5900000000000001,341.0,68.0,3.0,16.0,19167085.0,53786889.5,53786889.5
381,31,0.41,921.0,68.0,21.0,11.0,19167085.0,53786889.5,53786889.5
382,31,0.8,540820.0,90.0,842.0,291.0,70467623.0,261441092.0,631442092.0
383,31,0.55,1296.0,68.0,10.0,3.0,19167085.0,53786889.5,53786889.5
384,31,0.5900000000000001,147639.0,68.0,521.0,189.0,16061271.0,52411906.0,128905366.0
385,31,0.63,301.0,68.0,19.0,5.0,19167085.0,53786889.5,53786889.5
386,31,0.77,35.0,68.0,1.0,16.0,19167085.0,53786889.5,53786889.5
387,31,0.48,31.0,68.0,1.0,16.0,19167085.0,53786889.5,53786889.5
388,31,0.9,21.0,68.0,1.0,2.0,19167085.0,53786889.5,53786889.5
389,31,0.74,113.0,68.0,2.0,16.0,19167085.0,53786889.5,53786889.5
390,31,0.33,95835.0,68.0,681.0,213.0,17155000.0,40202379.0,82102379.0
391,31,0.78,20.0,68.0,2.0,16.0,19167085.0,53786889.5,53786889.5
392,31,0.75,1633.0,68.0,27.0,3.0,19167085.0,53786889.5,53786889.5
393,31,0.71,104.0,68.0,4.0,3.0,19167085.0,53786889.5,53786889.5
394,31,0.62,12.0,68.0,1.0,1.0,19167085.0,53786889.5,53786889.5
395,31,0.73,466850.0,83.0,1339.0,305.0,115817364.0,373585825.0,783766341.0
396,31,0.72,46.0,68.0,4.0,16.0,19167085.0,53786889.5,53786889.5
397,31,0.72,46.0,68.0,4.0,16.0,19167085.0,53786889.5,53786889.5
398,31,0.62,12612.0,68.0,160.0,92.0,19167085.0,53786889.5,53786889.5
399,31,0.8,574573.0,83.0,956.0,306.0,25104949.0,66208183.0,152159461.0
400,31,0.65,136281.0,68.0,633.0,197.0,13834527.0,33682273.0,33682273.0
401,31,0.6900000000000001,270473.0,72.0,608.0,227.0,23172440.0,59623958.0,99414250.0
402,31,0.6,1165.0,68.0,29.0,17.0,19167085.0,53786889.5,53786889.5
403,31,0.51,2041.0,68.0,26.0,28.0,19167085.0,53786889.5,53786889.5
404,31,0.5900000000000001,88.0,68.0,6.0,7.0,19167085.0,53786889.5,53786889.5
405,31,0.85,46.0,68.0,1.0,16.0,19167085.0,53786889.5,53786889.5
406,51,0.62,687.0,68.0,2.0,16.0,19167085.0,53786889.5,53786889.5
407,51,0.75,287.0,68.0,3.0,3.0,19167085.0,53786889.5,53786889.5
408,51,0.64,18.0,68.0,3.0,1.0,19167085.0,53786889.5,53786889.5
409,51,0.79,6707.0,66.0,21.0,38.0,5609.0,36613.0,36613.0
410,51,0.62,68349.0,62.0,222.0,131.0,14631784.0,63946815.0,86369815.0
411,51,0.5700000000000001,285913.0,68.0,1021.0,278.0,56061504.0,154696080.0,175424795.0
412,51,0.79,7.0,68.0,1.0,16.0,19167085.0,53786889.5,53786889.5
413,51,0.64,212.0,68.0,13.0,2.0,19167085.0,53786889.5,53786889.5
414,51,0.79,157.0,68.0,1.0,16.0,19167085.0,53786889.5,53786889.5
415,51,0.67,6766.0,68.0,33.0,12.0,19167085.0,53786889.5,53786889.5
416,51,0.5900000000000001,80696.0,68.0,247.0,135.0,16328506.0,46464023.0,142400065.0
417,51,0.72,15.0,68.0,1.0,16.0,19167085.0,53786889.5,53786889.5
418,51,0.58,73044.0,68.0,264.0,152.0,40049778.0,135386665.0,314432837.0
419,51,0.79,29.0,68.0,1.0,16.0,19167085.0,53786889.5,53786889.5
420,51,0.3,7468.0,68.0,164.0,30.0,19167085.0,53786889.5,53786889.5
421,51,0.8300000000000001,1117707.0,70.0,2729.0,466.0,48745440.0,206852432.0,374218673.0
422,51,0.72,173.0,68.0,8.0,1.0,19167085.0,53786889.5,53786889.5
423,51,0.35,23805.0,68.0,186.0,67.0,12582088.0,39177684.0,71992655.0
424,51,0.47,77981.0,68.0,384.0,195.0,14792335.0,24409722.0,32149231.0
425,51,0.73,10.0,68.0,1.0,16.0,19167085.0,53786889.5,53786889.5
426,51,0.4400000000000001,634.0,68.0,22.0,17.0,19167085.0,53786889.5,53786889.5
427,51,0.82,10065.0,68.0,56.0,13.0,19167085.0,53786889.5,53786889.5
428,51,0.47,202.0,68.0,28.0,126.0,19167085.0,53786889.5,53786889.5
429,51,0.22000000000000008,46028.0,68.0,246.0,74.0,9100115.0,17018422.0,57552641.0
430,51,0.7,261429.0,68.0,1022.0,286.0,33624407.0,75976178.0,230884728.0
431,51,0.6799999999999999,239.0,68.0,1.0,16.0,19167085.0,53786889.5,53786889.5
432,51,0.8099999999999999,86.0,68.0,37.0,16.0,19167085.0,53786889.5,53786889.5
433,51,0.4,5291.0,68.0,93.0,43.0,19167085.0,143615.0,143615.0
434,51,0.5700000000000001,42.0,68.0,3.0,1.0,19167085.0,53786889.5,53786889.5
435,51,0.6900000000000001,409.0,68.0,5.0,1.0,19167085.0,53786889.5,53786889.5
436,51,0.43,1024.0,68.0,23.0,17.0,19167085.0,53786889.5,53786889.5
437,51,0.7,21.0,68.0,6.0,16.0,19167085.0,53786889.5,53786889.5
438,51,0.7,639.0,68.0,6.0,1.0,19167085.0,53786889.5,53786889.5
439,35,0.67,7866.0,68.0,21.0,30.0,19167085.0,53786889.5,53786889.5
440,35,0.43,340.0,68.0,9.0,7.0,19167085.0,53786889.5,53786889.5
441,35,0.43,16500.0,68.0,113.0,61.0,4510408.0,11631245.0,11631245.0
442,35,0.6900000000000001,64.0,68.0,2.0,1.0,19167085.0,53786889.5,53786889.5
443,35,0.6799999999999999,106.0,68.0,2.0,3.0,19167085.0,53786889.5,53786889.5
444,35,0.6599999999999999,3448.0,68.0,20.0,30.0,19167085.0,53786889.5,53786889.5
445,35,0.5599999999999999,107.0,68.0,3.0,16.0,19167085.0,53786889.5,53786889.5
446,35,0.77,11518.0,68.0,137.0,43.0,19167085.0,53786889.5,53786889.5
447,35,0.5599999999999999,107.0,68.0,3.0,16.0,19167085.0,53786889.5,53786889.5
448,35,0.63,86.0,68.0,3.0,6.0,19167085.0,53786889.5,53786889.5
449,35,0.55,50.0,68.0,1.0,2.0,19167085.0,53786889.5,53786889.5
450,35,0.76,25.0,68.0,3.0,16.0,19167085.0,53786889.5,53786889.5
451,35,0.25,942.0,68.0,30.0,14.0,19167085.0,53786889.5,53786889.5
452,35,0.6900000000000001,5033.0,68.0,37.0,55.0,3232.0,6387.0,6387.0
453,35,0.51,57285.0,68.0,201.0,145.0,8603460.0,22530295.0,38365852.0
454,35,0.64,14700.0,68.0,111.0,21.0,19167085.0,53786889.5,53786889.5
455,35,0.61,253598.0,72.0,2380.0,438.0,52535096.0,200081192.0,191000000.0
456,35,0.58,2459.0,68.0,25.0,32.0,19167085.0,53786889.5,53786889.5
457,35,0.86,7.0,68.0,1.0,16.0,19167085.0,53786889.5,53786889.5
458,35,0.55,225.0,68.0,29.0,16.0,19167085.0,53786889.5,53786889.5
459,35,0.6799999999999999,10895.0,68.0,73.0,39.0,19167085.0,53786889.5,53786889.5
460,35,0.82,900303.0,62.0,2090.0,530.0,25642640.0,70511035.0,132511035.0
461,35,0.55,356.0,68.0,10.0,11.0,19167085.0,53786889.5,53786889.5
462,35,0.6,84.0,68.0,1.0,7.0,19167085.0,53786889.5,53786889.5
463,35,0.67,426852.0,68.0,1923.0,335.0,122861157.0,234362462.0,459359555.0
464,35,0.62,687.0,68.0,1.0,16.0,19167085.0,53786889.5,53786889.5
465,35,0.71,100.0,68.0,2.0,1.0,19167085.0,53786889.5,53786889.5
466,35,0.8,1081.0,68.0,9.0,8.0,19167085.0,53786889.5,53786889.5
467,35,0.6,3160.0,68.0,41.0,10.0,19167085.0,53786889.5,53786889.5
468,35,0.62,245.0,68.0,3.0,16.0,19167085.0,53786889.5,53786889.5
469,38,0.67,4137.0,62.0,35.0,26.0,7373.0,83398.0,83398.0
470,38,0.4400000000000001,2208.0,68.0,36.0,8.0,19167085.0,53786889.5,53786889.5
471,38,0.48,17250.0,68.0,94.0,90.0,11585121.0,43751706.0,43751706.0
472,38,0.19,225.0,68.0,1.0,16.0,19167085.0,53786889.5,53786889.5
473,38,0.6799999999999999,6742.0,68.0,31.0,30.0,19167085.0,53786889.5,53786889.5
474,38,0.6599999999999999,34.0,68.0,2.0,1.0,19167085.0,53786889.5,53786889.5
475,38,0.7,17066.0,68.0,96.0,40.0,19167085.0,53786889.5,53786889.5
476,38,0.6,18.0,68.0,1.0,16.0,19167085.0,53786889.5,53786889.5
477,38,0.72,2025.0,68.0,14.0,21.0,19167085.0,53786889.5,53786889.5
478,38,0.5599999999999999,228898.0,68.0,448.0,260.0,58051684.0,131921738.0,289047763.0
479,38,0.67,2974.0,62.0,30.0,49.0,19167085.0,53786889.5,53786889.5
480,38,0.72,356.0,68.0,2.0,16.0,19167085.0,53786889.5,53786889.5
481,38,0.5,97.0,68.0,7.0,2.0,19167085.0,53786889.5,53786889.5
482,38,0.75,89.0,68.0,3.0,16.0,19167085.0,53786889.5,53786889.5
483,38,0.64,2962.0,62.0,40.0,95.0,7133.0,40257.0,40257.0
484,38,0.72,2823.0,68.0,18.0,4.0,19167085.0,53786889.5,53786889.5
485,38,0.61,387.0,68.0,12.0,6.0,19167085.0,53786889.5,53786889.5
486,38,0.23,95073.0,68.0,665.0,111.0,18612544.0,39739367.0,86865564.0
487,38,0.52,199402.0,68.0,686.0,277.0,52022908.0,115802596.0,228738393.0
488,38,0.6,6305.0,68.0,26.0,33.0,19167085.0,53786889.5,53786889.5
489,38,0.48,213.0,68.0,1.0,7.0,19167085.0,53786889.5,53786889.5
490,38,0.63,56615.0,68.0,213.0,191.0,24255205.0,54149098.0,95608995.0
491,38,0.62,430381.0,68.0,1936.0,400.0,151116516.0,336530303.0,554341323.0
492,38,0.6599999999999999,46.0,68.0,6.0,22.0,19167085.0,53786889.5,53786889.5
493,38,0.6799999999999999,2879.0,68.0,13.0,25.0,19167085.0,53786889.5,53786889.5
494,38,0.63,107.0,68.0,2.0,2.0,19167085.0,53786889.5,53786889.5
495,38,0.64,32.0,68.0,3.0,16.0,19167085.0,53786889.5,53786889.5
496,38,0.63,3801.0,68.0,13.0,20.0,19167085.0,53786889.5,53786889.5
497,38,0.71,797.0,68.0,5.0,26.0,12148.0,53786889.5,53786889.5
498,38,0.24,315.0,68.0,4.0,2.0,19167085.0,53786889.5,53786889.5
499,38,0.48,56287.0,68.0,298.0,225.0,6463278.0,19781879.0,19781879.0
500,38,0.7,24.0,68.0,1.0,16.0,19167085.0,53786889.5,53786889.5
501,38,0.33,177.0,68.0,3.0,3.0,19167085.0,53786889.5,53786889.5
502,38,0.6,54197.0,68.0,287.0,154.0,4271451.0,7948159.0,10100036.0
503,38,0.6799999999999999,1708.0,68.0,19.0,46.0,19167085.0,53786889.5,53786889.5
504,38,0.6900000000000001,205400.0,61.0,177.0,172.0,19167085.0,67294270.0,92380927.0
505,38,0.73,283.0,68.0,3.0,1.0,19167085.0,53786889.5,53786889.5
506,38,0.9,1913347.0,82.0,5290.0,634.0,158411483.0,534858444.0,1004558444.0
507,38,0.6799999999999999,23141.0,68.0,93.0,57.0,19167085.0,53786889.5,53786889.5
508,38,0.7,227914.0,78.0,353.0,344.0,34539115.0,75754670.0,160388063.0
509,38,0.61,262147.0,68.0,493.0,238.0,32092991.0,80172128.0,222231186.0
510,38,0.7,15196.0,68.0,65.0,39.0,19167085.0,53786889.5,53786889.5
511,38,0.6599999999999999,1077.0,68.0,12.0,36.0,19167085.0,53786889.5,53786889.5
512,38,0.45,56978.0,68.0,175.0,119.0,9510297.0,26638520.0,73026302.0
513,38,0.85,6467.0,68.0,7.0,4.0,19167085.0,53786889.5,53786889.5
514,38,0.79,784685.0,79.0,1099.0,499.0,98618668.0,318412101.0,585174222.0
515,38,0.6799999999999999,364363.0,61.0,668.0,368.0,55414050.0,134518390.0,263427551.0
516,38,0.67,325549.0,64.0,731.0,315.0,50927085.0,134508551.0,341433252.0
517,38,0.64,388082.0,68.0,602.0,322.0,62603879.0,227946274.0,624386746.0
518,38,0.41,786.0,68.0,7.0,3.0,19167085.0,53786889.5,53786889.5
519,45,0.4900000000000001,1222.0,68.0,6.0,10.0,19167085.0,53786889.5,53786889.5
520,45,0.15,367.0,68.0,1.0,4.0,19167085.0,53786889.5,53786889.5
521,45,0.79,34.0,68.0,1.0,16.0,19167085.0,53786889.5,53786889.5
522,45,0.72,12438.0,68.0,35.0,44.0,19167085.0,53786889.5,53786889.5
523,45,0.42,602.0,68.0,5.0,9.0,19167085.0,53786889.5,53786889.5
524,45,0.62,687.0,68.0,1.0,16.0,19167085.0,53786889.5,53786889.5
525,45,0.52,60.0,68.0,2.0,1.0,19167085.0,53786889.5,53786889.5
526,45,0.63,28639.0,68.0,78.0,138.0,6702923.0,19548064.0,19548064.0
527,45,0.78,2774.0,68.0,16.0,8.0,19167085.0,53786889.5,53786889.5
528,45,0.54,33325.0,68.0,123.0,124.0,16894511.0,49492060.0,96753696.0
529,45,0.6900000000000001,174.0,68.0,2.0,5.0,19167085.0,53786889.5,53786889.5
530,45,0.67,1394.0,68.0,16.0,7.0,19167085.0,53786889.5,53786889.5
531,45,0.72,17822.0,68.0,37.0,42.0,19167085.0,53786889.5,53786889.5
532,45,0.64,104.0,68.0,1.0,1.0,19167085.0,53786889.5,53786889.5
533,45,0.58,4002.0,68.0,27.0,15.0,19167085.0,53786889.5,53786889.5
534,45,0.6599999999999999,409763.0,68.0,661.0,359.0,85058003.0,179883157.0,373062864.0
535,45,0.37,224.0,68.0,3.0,5.0,19167085.0,53786889.5,53786889.5
536,45,0.8800000000000001,5.0,68.0,1.0,16.0,19167085.0,53786889.5,53786889.5
537,45,0.71,10207.0,68.0,39.0,28.0,19167085.0,53786889.5,53786889.5
538,45,0.61,97066.0,68.0,224.0,137.0,10079109.0,31806100.0,31806100.0
539,45,0.74,13445.0,68.0,51.0,54.0,19167085.0,53786889.5,53786889.5
540,45,0.76,429900.0,68.0,1263.0,458.0,55214334.0,107509799.0,185258983.0
541,45,0.32,8.0,68.0,1.0,1.0,19167085.0,53786889.5,53786889.5
542,45,0.31,964.0,68.0,15.0,11.0,21463.0,30955.0,30955.0
543,45,0.72,1285.0,68.0,9.0,11.0,19167085.0,53786889.5,53786889.5
544,45,0.79,13.0,68.0,1.0,16.0,19167085.0,53786889.5,53786889.5
545,45,0.4400000000000001,104.0,68.0,5.0,3.0,19167085.0,53786889.5,53786889.5
546,45,0.26,62556.0,68.0,541.0,131.0,4756488.0,9353573.0,57497699.0
547,45,0.39,130.0,68.0,6.0,7.0,19167085.0,53786889.5,53786889.5
548,45,0.61,1632.0,68.0,13.0,49.0,19167085.0,53786889.5,53786889.5
549,47,0.73,2264.0,68.0,7.0,4.0,19167085.0,53786889.5,53786889.5
550,47,0.72,20498.0,68.0,52.0,37.0,19167085.0,53786889.5,53786889.5
551,47,0.73,194199.0,63.0,199.0,231.0,46016833.0,148415853.0,321885765.0
552,47,0.78,1032.0,68.0,9.0,7.0,19167085.0,53786889.5,53786889.5
553,47,0.76,2898.0,68.0,5.0,4.0,19167085.0,53786889.5,53786889.5
554,47,0.6900000000000001,19.0,68.0,3.0,16.0,19167085.0,53786889.5,53786889.5
555,47,0.6599999999999999,9.0,68.0,1.0,16.0,19167085.0,53786889.5,53786889.5
556,47,0.6799999999999999,284718.0,68.0,684.0,469.0,44026211.0,172062763.0,400062763.0
557,47,0.58,24.0,68.0,2.0,1.0,19167085.0,53786889.5,53786889.5
558,47,0.63,8839.0,68.0,35.0,88.0,11365.0,48398.0,48398.0
559,47,0.72,5394.0,68.0,8.0,12.0,19167085.0,53786889.5,53786889.5
560,47,0.76,67.0,68.0,1.0,16.0,19167085.0,53786889.5,53786889.5
561,47,0.8099999999999999,44973.0,68.0,102.0,58.0,19167085.0,53786889.5,53786889.5
562,47,0.73,19930.0,68.0,33.0,39.0,19167085.0,53786889.5,53786889.5
563,47,0.73,491.0,68.0,6.0,16.0,19167085.0,53786889.5,53786889.5
564,47,0.18,515.0,68.0,13.0,7.0,19167085.0,53786889.5,53786889.5
565,47,0.62,65.0,68.0,2.0,1.0,19167085.0,53786889.5,53786889.5
566,47,0.52,22.0,68.0,2.0,9.0,19167085.0,53786889.5,53786889.5
567,47,0.6799999999999999,33317.0,68.0,93.0,65.0,13265.0,44462.0,44462.0
568,47,0.7,594846.0,68.0,756.0,465.0,128122480.0,312433331.0,623933331.0
569,47,0.73,1950.0,68.0,6.0,3.0,19167085.0,53786889.5,53786889.5
570,47,0.76,476639.0,66.0,821.0,449.0,19828687.0,48071303.0,96188903.0
571,47,0.71,104.0,68.0,4.0,3.0,19167085.0,53786889.5,53786889.5
572,47,0.6799999999999999,10149.0,68.0,29.0,34.0,19167085.0,53786889.5,53786889.5
573,47,0.47,49599.0,68.0,185.0,180.0,5379365.0,10539414.0,10539414.0
574,49,0.65,350.0,68.0,9.0,1.0,19167085.0,53786889.5,53786889.5
575,49,0.6599999999999999,4245.0,68.0,3.0,6.0,19167085.0,53786889.5,53786889.5
576,49,0.6900000000000001,590001.0,66.0,723.0,524.0,65058524.0,176654505.0,370569774.0
577,49,0.6799999999999999,67537.0,68.0,221.0,240.0,46549.0,322157.0,322157.0
578,49,0.5599999999999999,241257.0,68.0,569.0,439.0,53174303.0,116601172.0,219851172.0
579,49,0.45,1617.0,68.0,33.0,5.0,19167085.0,53786889.5,53786889.5
580,49,0.62,687.0,68.0,1.0,16.0,19167085.0,53786889.5,53786889.5
581,49,0.47,146.0,68.0,1.0,1.0,19167085.0,53786889.5,53786889.5
582,49,0.65,9438.0,68.0,69.0,7.0,19167085.0,53786889.5,53786889.5
583,49,0.74,25757.0,68.0,63.0,43.0,19167085.0,53786889.5,53786889.5
584,49,0.6900000000000001,2160.0,68.0,9.0,6.0,19167085.0,53786889.5,53786889.5
585,49,0.74,4807.0,68.0,3.0,3.0,19167085.0,53786889.5,53786889.5
586,49,0.48,33851.0,68.0,311.0,56.0,1654023.0,2511689.0,35911689.0
587,49,0.43,535.0,68.0,5.0,16.0,19167085.0,53786889.5,53786889.5
588,49,0.78,1032.0,68.0,3.0,16.0,19167085.0,53786889.5,53786889.5
589,49,0.92,66.0,68.0,1.0,16.0,19167085.0,53786889.5,53786889.5
590,49,0.4400000000000001,1290.0,68.0,7.0,5.0,19167085.0,51546.0,7200000.0
591,49,0.16999999999999998,2408.0,68.0,36.0,26.0,19167085.0,53786889.5,53786889.5
592,49,0.78,576291.0,65.0,716.0,506.0,55101604.0,146408305.0,353624124.0
593,49,0.71,750.0,68.0,4.0,12.0,19167085.0,53786889.5,53786889.5
594,49,0.42,238.0,68.0,3.0,1.0,19167085.0,53786889.5,53786889.5
595,49,0.58,144489.0,68.0,452.0,444.0,33526876.0,98780042.0,227817248.0
596,49,0.6799999999999999,10292.0,68.0,16.0,29.0,19167085.0,53786889.5,53786889.5
597,49,0.7,11509.0,68.0,35.0,39.0,19167085.0,53786889.5,53786889.5
598,49,0.37,142.0,68.0,9.0,16.0,19167085.0,53786889.5,53786889.5
599,49,0.61,4333.0,68.0,32.0,56.0,19167085.0,53786889.5,53786889.5
600,49,0.54,452.0,68.0,7.0,12.0,19167085.0,53786889.5,53786889.5
601,49,0.7,38.0,68.0,3.0,24.0,19167085.0,53786889.5,53786889.5
602,49,0.8099999999999999,19.0,68.0,3.0,1.0,19167085.0,53786889.5,53786889.5
603,49,0.58,662.0,68.0,15.0,8.0,19167085.0,53786889.5,53786889.5
604,49,0.12,253.0,68.0,4.0,4.0,19167085.0,53786889.5,53786889.5
605,49,0.7,614711.0,68.0,770.0,533.0,65723338.0,181030624.0,449326618.0
606,49,0.64,4374.0,68.0,10.0,20.0,19167085.0,53786889.5,53786889.5
607,49,0.63,27.0,68.0,2.0,1.0,19167085.0,53786889.5,53786889.5
608,75,0.71,3072.0,68.0,9.0,39.0,345.0,345.0,345.0
609,75,0.5,752.0,68.0,4.0,5.0,55501.0,68677.0,68677.0
610,75,0.48,61.0,68.0,4.0,2.0,19167085.0,53786889.5,53786889.5
611,75,0.7,31.0,68.0,1.0,2.0,19167085.0,53786889.5,53786889.5
612,75,0.52,1379.0,68.0,12.0,10.0,19167085.0,53786889.5,53786889.5
613,75,0.62,687.0,68.0,1.0,16.0,19167085.0,53786889.5,53786889.5
614,75,0.11,109.0,68.0,3.0,2.0,19167085.0,53786889.5,53786889.5
615,75,0.6900000000000001,926.0,68.0,7.0,5.0,19167085.0,53786889.5,53786889.5
616,75,0.8,43639.0,68.0,71.0,61.0,19167085.0,53786889.5,53786889.5
617,75,0.7,43.0,68.0,1.0,16.0,19167085.0,53786889.5,53786889.5
618,75,0.7,497758.0,66.0,1256.0,614.0,62004688.0,262030663.0,757930663.0
619,75,0.71,10341.0,68.0,30.0,27.0,19167085.0,53786889.5,53786889.5
620,75,0.54,1912.0,68.0,14.0,23.0,19167085.0,53786889.5,53786889.5
621,75,0.8099999999999999,1095968.0,69.0,1749.0,715.0,207438708.0,623357910.0,1519557910.0
622,75,0.71,111.0,68.0,2.0,16.0,19167085.0,53786889.5,53786889.5
623,75,0.13,530.0,68.0,8.0,3.0,19167085.0,53786889.5,53786889.5
624,75,0.75,158.0,68.0,4.0,13.0,19167085.0,53786889.5,53786889.5
625,75,0.75,25192.0,68.0,34.0,31.0,19167085.0,53786889.5,53786889.5
626,75,0.43,97694.0,68.0,343.0,289.0,22115334.0,51774002.0,149217355.0
627,75,0.8400000000000001,1300615.0,78.0,2770.0,825.0,160887295.0,448139099.0,1084939099.0
628,65,0.67,376266.0,68.0,558.0,455.0,53113752.0,132556852.0,414828246.0
629,65,0.82,33307.0,68.0,59.0,45.0,19167085.0,53786889.5,53786889.5
630,65,0.6599999999999999,226255.0,68.0,387.0,351.0,13332955.0,28795985.0,63297114.0
631,65,0.48,1749.0,68.0,18.0,11.0,19167085.0,53786889.5,53786889.5
632,65,0.6799999999999999,15.0,68.0,1.0,16.0,19167085.0,53786889.5,53786889.5
633,65,0.53,17723.0,68.0,153.0,32.0,1049560.0,2191343.0,2191343.0
634,65,0.78,27.0,68.0,1.0,16.0,19167085.0,53786889.5,53786889.5
635,65,0.78,327.0,68.0,6.0,1.0,19167085.0,53786889.5,53786889.5
636,65,0.7,13.0,68.0,2.0,16.0,19167085.0,53786889.5,53786889.5
637,65,0.7,482172.0,68.0,569.0,497.0,85737841.0,206362140.0,644783140.0
638,65,0.6900000000000001,791.0,68.0,4.0,1.0,19167085.0,53786889.5,53786889.5
639,65,0.64,1302.0,68.0,3.0,2.0,19167085.0,53786889.5,53786889.5
640,65,0.72,220.0,68.0,2.0,4.0,19167085.0,53786889.5,53786889.5
641,65,0.45,827.0,68.0,7.0,10.0,19167085.0,53786889.5,53786889.5
642,65,0.71,611456.0,68.0,2607.0,737.0,116619362.0,291045518.0,668045518.0
643,65,0.6599999999999999,629.0,68.0,1.0,2.0,19167085.0,53786889.5,53786889.5
644,65,0.4,1888.0,68.0,36.0,43.0,19167085.0,53786889.5,53786889.5
645,65,0.43,88085.0,68.0,381.0,183.0,4805878.0,8828771.0,8828771.0
646,65,0.8400000000000001,37281.0,68.0,66.0,48.0,19167085.0,53786889.5,53786889.5
647,65,0.6900000000000001,20.0,68.0,2.0,3.0,19167085.0,53786889.5,53786889.5
648,65,0.13,334.0,68.0,7.0,4.0,19167085.0,53786889.5,53786889.5
649,65,0.65,199877.0,68.0,731.0,456.0,29210849.0,89302115.0,260502115.0
650,65,0.53,3406.0,68.0,14.0,31.0,19167085.0,53786889.5,53786889.5
651,65,0.51,1448.0,68.0,9.0,12.0,19167085.0,53786889.5,53786889.5
652,65,0.6900000000000001,237.0,68.0,3.0,1.0,19167085.0,53786889.5,53786889.5
653,65,0.72,628518.0,62.0,1210.0,619.0,174144585.0,409013994.0,1215439994.0
654,65,0.67,9308.0,68.0,23.0,33.0,19167085.0,53786889.5,53786889.5
655,65,0.6,13.0,68.0,1.0,5.0,19167085.0,53786889.5,53786889.5
656,82,0.5700000000000001,1168.0,68.0,9.0,5.0,19167085.0,53786889.5,53786889.5
657,82,0.75,25006.0,68.0,73.0,35.0,19167085.0,53786889.5,53786889.5
658,82,0.8099999999999999,830813.0,76.0,1184.0,683.0,94320883.0,333176600.0,774176600.0
659,82,0.58,185458.0,68.0,515.0,353.0,65575105.0,191204754.0,493333584.0
660,82,0.64,79.0,68.0,2.0,16.0,19167085.0,53786889.5,53786889.5
661,82,0.78,335828.0,74.0,462.0,396.0,56215889.0,222527828.0,657827828.0
662,82,0.6900000000000001,190.0,68.0,2.0,16.0,19167085.0,53786889.5,53786889.5
663,82,0.77,478564.0,88.0,1185.0,605.0,424397.0,42340598.0,103215094.0
664,82,0.62,2412.0,68.0,3.0,13.0,19167085.0,53786889.5,53786889.5
665,82,0.4,6.0,68.0,1.0,2.0,19167085.0,53786889.5,53786889.5
666,82,0.38,238.0,68.0,6.0,1.0,19167085.0,53786889.5,53786889.5
667,82,0.8099999999999999,7.0,68.0,2.0,16.0,19167085.0,53786889.5,53786889.5
668,82,0.8,582845.0,75.0,772.0,549.0,90823660.0,233921534.0,748121534.0
669,82,0.6599999999999999,16776.0,68.0,54.0,76.0,8613.0,15388.0,15388.0
670,82,0.5900000000000001,2961.0,68.0,20.0,13.0,19167085.0,53786889.5,53786889.5
671,82,0.67,363748.0,68.0,1107.0,518.0,91608337.0,202853933.0,708982323.0
672,82,0.8699999999999999,7.0,68.0,1.0,16.0,19167085.0,53786889.5,53786889.5
673,82,0.5900000000000001,9737.0,68.0,41.0,67.0,19167085.0,53786889.5,53786889.5
674,82,0.73,23648.0,68.0,67.0,50.0,19167085.0,53786889.5,53786889.5
675,82,0.5599999999999999,85.0,68.0,6.0,2.0,19167085.0,53786889.5,53786889.5
676,82,0.78,283770.0,83.0,495.0,452.0,69050279.0,257760692.0,468760692.0
677,82,0.58,3484.0,68.0,21.0,21.0,19167085.0,53786889.5,53786889.5
678,82,0.78,776.0,68.0,1.0,1.0,19167085.0,53786889.5,53786889.5
679,82,0.78,589356.0,70.0,781.0,586.0,95023721.0,259766572.0,714766572.0
680,82,0.52,1562.0,68.0,10.0,32.0,19167085.0,53786889.5,53786889.5
681,82,0.67,18033.0,68.0,35.0,42.0,19167085.0,53786889.5,53786889.5
682,82,0.5599999999999999,85.0,68.0,6.0,2.0,19167085.0,53786889.5,53786889.5
683,65,0.58,1879.0,68.0,8.0,14.0,19167085.0,53786889.5,53786889.5
684,65,0.71,10173.0,68.0,37.0,39.0,19167085.0,53786889.5,53786889.5
685,65,0.43,131423.0,68.0,757.0,404.0,25685737.0,56117548.0,167977596.0
686,65,0.4900000000000001,3443.0,68.0,28.0,17.0,19167085.0,53786889.5,53786889.5
687,65,0.67,21575.0,68.0,112.0,190.0,50000.0,50000.0,50000.0
688,65,0.73,419797.0,64.0,595.0,540.0,57225526.0,180202163.0,519445163.0
689,65,0.58,81.0,68.0,1.0,16.0,19167085.0,53786889.5,53786889.5
690,65,0.47,459.0,68.0,13.0,43.0,19167085.0,53786889.5,53786889.5
691,65,0.13,135.0,68.0,3.0,16.0,19167085.0,53786889.5,53786889.5
692,65,0.72,187.0,68.0,1.0,16.0,19167085.0,53786889.5,53786889.5
693,65,0.51,431.0,68.0,10.0,2.0,19167085.0,53786889.5,53786889.5
694,65,0.54,247.0,68.0,4.0,10.0,19167085.0,53786889.5,53786889.5
695,65,0.6900000000000001,484.0,68.0,5.0,25.0,19167085.0,53786889.5,53786889.5
696,65,0.5900000000000001,10.0,68.0,3.0,16.0,19167085.0,53786889.5,53786889.5
697,65,0.5,78.0,68.0,3.0,2.0,19167085.0,53786889.5,53786889.5
698,65,0.79,35.0,68.0,3.0,3.0,19167085.0,53786889.5,53786889.5
699,65,0.67,14559.0,68.0,32.0,23.0,19167085.0,53786889.5,53786889.5
700,65,0.5900000000000001,1372.0,68.0,8.0,12.0,19167085.0,53786889.5,53786889.5
701,65,0.79,188.0,68.0,1.0,16.0,19167085.0,53786889.5,53786889.5
702,65,0.6,40250.0,62.0,156.0,149.0,55365012.0,162994032.0,323436538.0
703,65,0.52,54.0,68.0,2.0,1.0,19167085.0,53786889.5,53786889.5
704,65,0.63,27.0,68.0,1.0,16.0,19167085.0,53786889.5,53786889.5
705,65,0.73,850.0,75.0,8.0,29.0,19167085.0,53786889.5,53786889.5
706,65,0.71,1511.0,68.0,7.0,27.0,19167085.0,53786889.5,53786889.5
707,65,0.74,571716.0,66.0,1154.0,662.0,191271109.0,459005868.0,1405413868.0
708,65,0.58,2216.0,68.0,19.0,16.0,19167085.0,53786889.5,53786889.5
709,65,0.7,40.0,68.0,3.0,7.0,19167085.0,53786889.5,53786889.5
710,65,0.71,14203.0,68.0,36.0,39.0,19167085.0,53786889.5,53786889.5
711,63,0.65,38970.0,68.0,187.0,122.0,19167085.0,3775000.0,3775000.0
712,63,0.61,474284.0,68.0,1901.0,655.0,133682248.0,325100054.0,745600054.0
713,63,0.67,39.0,68.0,1.0,16.0,19167085.0,53786889.5,53786889.5
714,63,0.34,2430.0,68.0,41.0,14.0,19167085.0,53786889.5,53786889.5
715,63,0.46,14955.0,68.0,70.0,37.0,2182216.0,3818664.0,6272403.0
716,63,0.6900000000000001,3204.0,68.0,33.0,44.0,19167085.0,53786889.5,53786889.5
717,63,0.54,542.0,68.0,3.0,2.0,19167085.0,53786889.5,53786889.5
718,63,0.63,8467.0,68.0,106.0,12.0,19167085.0,53786889.5,53786889.5
719,63,0.75,403056.0,72.0,750.0,536.0,85058311.0,232641920.0,677718395.0
720,63,0.8099999999999999,5849.0,68.0,5.0,16.0,19167085.0,53786889.5,53786889.5
721,63,0.58,873.0,68.0,9.0,6.0,19167085.0,53786889.5,53786889.5
722,63,0.72,13.0,68.0,1.0,16.0,19167085.0,53786889.5,53786889.5
723,63,0.5700000000000001,364.0,68.0,2.0,8.0,19167085.0,53786889.5,53786889.5
724,63,0.7,316266.0,68.0,745.0,459.0,65000000.0,155442489.0,543934787.0
725,63,0.64,26.0,68.0,1.0,16.0,19167085.0,53786889.5,53786889.5
726,63,0.78,486986.0,75.0,1246.0,623.0,179139142.0,408084349.0,1153304495.0
727,63,0.7,12240.0,68.0,48.0,30.0,19167085.0,53786889.5,53786889.5
728,63,0.6599999999999999,529470.0,68.0,3372.0,759.0,166007347.0,330360194.0,873260194.0
729,63,0.71,9843.0,68.0,21.0,78.0,19167085.0,53786889.5,53786889.5
730,63,0.8,717118.0,65.0,1269.0,629.0,135050000.0,363070709.0,783112979.0
731,63,0.64,136.0,68.0,2.0,16.0,19167085.0,53786889.5,53786889.5
732,63,0.72,3850.0,68.0,16.0,16.0,19167085.0,53786889.5,53786889.5
733,63,0.75,287.0,68.0,2.0,16.0,19167085.0,53786889.5,53786889.5
734,63,0.6799999999999999,13827.0,68.0,42.0,37.0,19167085.0,53786889.5,53786889.5
735,63,0.6,69970.0,68.0,194.0,230.0,35316382.0,82051601.0,245623848.0
736,39,0.75,402928.0,76.0,1758.0,642.0,103251471.0,412563408.0,821763408.0
737,39,0.75,306913.0,73.0,1009.0,504.0,117027503.0,334201140.0,880166924.0
738,39,0.42,475.0,68.0,13.0,15.0,19167085.0,53786889.5,53786889.5
739,39,0.5900000000000001,6515.0,68.0,90.0,45.0,19167085.0,53786889.5,53786889.5
740,39,0.67,240600.0,68.0,1481.0,432.0,93842239.0,229024295.0,614729668.0
741,39,0.6,12827.0,68.0,80.0,119.0,20433071.0,59281555.0,59281555.0
742,39,0.61,1619.0,68.0,18.0,26.0,19167085.0,53786889.5,53786889.5
743,39,0.79,302235.0,74.0,1011.0,458.0,122744989.0,315058289.0,802233599.0
744,39,0.62,17827.0,69.0,91.0,122.0,23851539.0,73921000.0,73921000.0
745,39,0.5,586.0,68.0,5.0,10.0,19167085.0,53786889.5,53786889.5
746,39,0.6799999999999999,412.0,68.0,2.0,3.0,19167085.0,53786889.5,53786889.5
747,39,0.75,2813.0,68.0,8.0,16.0,19167085.0,53786889.5,53786889.5
748,39,0.7,6585.0,68.0,35.0,27.0,19167085.0,53786889.5,53786889.5
749,39,0.64,150410.0,68.0,811.0,419.0,18676033.0,40533014.0,130246659.0
750,39,0.65,14.0,68.0,2.0,1.0,19167085.0,53786889.5,53786889.5
751,39,0.6,80774.0,68.0,430.0,279.0,40300288.0,85067486.0,85067486.0
752,39,0.8099999999999999,472804.0,77.0,1270.0,598.0,88411916.0,226277068.0,619021436.0
753,39,0.76,2183.0,68.0,4.0,16.0,19167085.0,53786889.5,53786889.5
754,39,0.4,8323.0,68.0,109.0,45.0,19167085.0,53786889.5,53786889.5
755,39,0.73,98164.0,75.0,267.0,379.0,53003468.0,175750384.0,311950384.0
756,39,0.71,12885.0,68.0,36.0,39.0,19167085.0,53786889.5,53786889.5
757,39,0.73,260302.0,62.0,643.0,515.0,40010975.0,138291365.0,278454358.0
758,39,0.61,30.0,68.0,2.0,16.0,19167085.0,53786889.5,53786889.5
759,39,0.77,364510.0,67.0,832.0,532.0,146510104.0,389813101.0,863756051.0
760,39,0.61,30.0,68.0,2.0,16.0,19167085.0,53786889.5,53786889.5
