,Score,NoUsersRating,MetaScore,NoReviews-Users,NoReviews-Crit,OpeningWE(USA)($),Gross(USA)($),CumulativeWorldWide Gross($),Year,NoSeriesNextYear
73,0.55,13.0,68.0,1.0,1.0,19167085.0,53786889.5,53786889.5,1953,1
74,0.58,15.0,68.0,1.0,16.0,19167085.0,53786889.5,53786889.5,1953,1
77,0.61,10.0,68.0,1.0,16.0,19167085.0,53786889.5,53786889.5,1954,1
78,0.65,38.0,68.0,1.0,1.0,19167085.0,53786889.5,53786889.5,1954,1
75,0.64,204.0,68.0,5.0,2.0,19167085.0,53786889.5,53786889.5,1954,1
76,0.71,52.0,68.0,2.0,16.0,19167085.0,53786889.5,53786889.5,1954,1
79,0.74,382.0,68.0,8.0,16.0,19167085.0,53786889.5,53786889.5,1956,2
80,0.58,15.0,68.0,1.0,1.0,19167085.0,53786889.5,53786889.5,1957,3
81,0.6,20.0,68.0,2.0,16.0,19167085.0,53786889.5,53786889.5,1957,3
82,0.6900000000000001,443.0,68.0,17.0,1.0,19167085.0,53786889.5,53786889.5,1958,2
83,0.61,28.0,68.0,1.0,1.0,19167085.0,53786889.5,53786889.5,1959,1
84,0.63,24.0,68.0,2.0,16.0,19167085.0,53786889.5,53786889.5,1959,1
85,0.6599999999999999,149.0,68.0,6.0,16.0,19167085.0,53786889.5,53786889.5,1959,1
86,0.71,528.0,68.0,4.0,16.0,19167085.0,53786889.5,53786889.5,1960,0
87,0.54,794.0,68.0,24.0,9.0,19167085.0,53786889.5,53786889.5,1960,0
91,0.52,17.0,68.0,1.0,16.0,19167085.0,53786889.5,53786889.5,1961,1
90,0.2,2308.0,68.0,63.0,16.0,19167085.0,53786889.5,53786889.5,1961,1
89,0.48,32.0,68.0,2.0,2.0,19167085.0,53786889.5,53786889.5,1961,1
88,0.55,67.0,68.0,1.0,6.0,19167085.0,53786889.5,53786889.5,1961,1
92,0.55,137.0,68.0,2.0,9.0,19167085.0,53786889.5,53786889.5,1962,2
93,0.62,687.0,68.0,1.0,16.0,19167085.0,53786889.5,53786889.5,1962,2
94,0.22000000000000008,2598.0,68.0,83.0,24.0,19167085.0,53786889.5,53786889.5,1962,2
95,0.48,46.0,68.0,2.0,1.0,19167085.0,53786889.5,53786889.5,1962,2
96,0.33,967.0,68.0,26.0,17.0,19167085.0,53786889.5,53786889.5,1963,3
97,0.5900000000000001,192.0,68.0,14.0,10.0,19167085.0,53786889.5,53786889.5,1963,3
98,0.62,53.0,68.0,1.0,16.0,19167085.0,53786889.5,53786889.5,1963,3
104,0.45,146.0,68.0,9.0,5.0,19167085.0,53786889.5,53786889.5,1964,2
105,0.32,183.0,68.0,3.0,5.0,19167085.0,53786889.5,53786889.5,1964,2
103,0.46,67.0,68.0,3.0,2.0,19167085.0,53786889.5,53786889.5,1964,2
102,0.37,352.0,68.0,25.0,12.0,19167085.0,53786889.5,53786889.5,1964,2
101,0.63,18.0,68.0,1.0,16.0,19167085.0,53786889.5,53786889.5,1964,2
100,0.48,6.0,68.0,1.0,16.0,19167085.0,53786889.5,53786889.5,1964,2
99,0.4,6.0,68.0,1.0,16.0,19167085.0,53786889.5,53786889.5,1964,2
106,0.36,375.0,68.0,7.0,11.0,19167085.0,53786889.5,53786889.5,1965,17
107,0.4,267.0,68.0,17.0,8.0,19167085.0,53786889.5,53786889.5,1965,17
108,0.31,556.0,68.0,23.0,13.0,19167085.0,53786889.5,53786889.5,1965,17
109,0.5,352.0,68.0,14.0,10.0,19167085.0,53786889.5,53786889.5,1965,17
110,0.63,84.0,68.0,5.0,6.0,19167085.0,53786889.5,53786889.5,1965,17
116,0.53,52.0,68.0,1.0,8.0,19167085.0,53786889.5,53786889.5,1966,19
115,0.36,646.0,68.0,37.0,22.0,19167085.0,53786889.5,53786889.5,1966,19
114,0.74,787.0,68.0,8.0,46.0,19167085.0,53786889.5,53786889.5,1966,19
112,0.62,687.0,68.0,1.0,16.0,19167085.0,53786889.5,53786889.5,1966,19
111,0.53,38.0,68.0,2.0,4.0,19167085.0,53786889.5,53786889.5,1966,19
113,0.65,26155.0,68.0,163.0,60.0,19167085.0,53786889.5,53786889.5,1966,19
117,0.5900000000000001,144.0,68.0,4.0,9.0,19167085.0,53786889.5,53786889.5,1967,8
118,0.48,5.0,68.0,1.0,16.0,19167085.0,53786889.5,53786889.5,1967,8
119,0.48,21.0,68.0,1.0,3.0,19167085.0,53786889.5,53786889.5,1967,8
120,0.55,65.0,68.0,1.0,14.0,19167085.0,53786889.5,53786889.5,1967,8
121,0.45,42.0,68.0,4.0,1.0,19167085.0,53786889.5,53786889.5,1967,8
122,0.55,258.0,68.0,9.0,13.0,19167085.0,53786889.5,53786889.5,1967,8
123,0.53,13.0,68.0,1.0,16.0,19167085.0,53786889.5,53786889.5,1967,8
129,0.6900000000000001,12.0,68.0,2.0,1.0,19167085.0,53786889.5,53786889.5,1968,3
128,0.47,178.0,68.0,7.0,14.0,19167085.0,53786889.5,53786889.5,1968,3
127,0.42,54.0,68.0,4.0,3.0,19167085.0,53786889.5,53786889.5,1968,3
125,0.53,140.0,68.0,4.0,7.0,19167085.0,53786889.5,53786889.5,1968,3
124,0.6,160.0,68.0,3.0,18.0,19167085.0,53786889.5,53786889.5,1968,3
126,0.61,84.0,68.0,1.0,8.0,19167085.0,53786889.5,53786889.5,1968,3
130,0.51,22.0,68.0,2.0,16.0,19167085.0,53786889.5,53786889.5,1969,1
131,0.6599999999999999,868.0,68.0,14.0,27.0,19167085.0,53786889.5,53786889.5,1969,1
132,0.4400000000000001,34.0,68.0,1.0,11.0,19167085.0,53786889.5,53786889.5,1969,1
133,0.62,199.0,68.0,3.0,11.0,19167085.0,53786889.5,53786889.5,1969,1
134,0.58,24.0,68.0,1.0,16.0,19167085.0,53786889.5,53786889.5,1969,1
135,0.37,191.0,68.0,16.0,5.0,19167085.0,53786889.5,53786889.5,1969,1
139,0.55,61.0,68.0,1.0,5.0,19167085.0,53786889.5,53786889.5,1970,3
140,0.61,62.0,68.0,2.0,4.0,19167085.0,53786889.5,53786889.5,1970,3
138,0.65,207.0,68.0,8.0,16.0,19167085.0,53786889.5,53786889.5,1970,3
137,0.53,42.0,68.0,4.0,16.0,19167085.0,53786889.5,53786889.5,1970,3
136,0.32,15161.0,68.0,141.0,41.0,19167085.0,53786889.5,53786889.5,1970,3
141,0.5900000000000001,322.0,68.0,12.0,15.0,19167085.0,53786889.5,53786889.5,1971,5
142,0.5900000000000001,117.0,68.0,6.0,8.0,19167085.0,53786889.5,53786889.5,1971,5
143,0.67,294.0,68.0,11.0,2.0,19167085.0,53786889.5,53786889.5,1971,5
144,0.52,21.0,68.0,1.0,16.0,19167085.0,53786889.5,53786889.5,1971,5
145,0.63,161.0,68.0,5.0,6.0,19167085.0,53786889.5,53786889.5,1972,6
146,0.4400000000000001,37.0,68.0,1.0,1.0,19167085.0,53786889.5,53786889.5,1972,6
147,0.53,26.0,68.0,2.0,16.0,19167085.0,53786889.5,53786889.5,1972,6
148,0.61,163.0,68.0,6.0,9.0,19167085.0,53786889.5,53786889.5,1972,6
149,0.51,24.0,68.0,3.0,1.0,19167085.0,53786889.5,53786889.5,1972,6
156,0.6599999999999999,176.0,68.0,4.0,16.0,19167085.0,53786889.5,53786889.5,1973,8
157,0.65,87.0,68.0,5.0,3.0,19167085.0,53786889.5,53786889.5,1973,8
155,0.5700000000000001,293.0,68.0,10.0,10.0,19167085.0,53786889.5,53786889.5,1973,8
154,0.6799999999999999,120.0,68.0,1.0,16.0,19167085.0,53786889.5,53786889.5,1973,8
152,0.71,2841.0,68.0,21.0,2.0,19167085.0,53786889.5,53786889.5,1973,8
151,0.39,29.0,68.0,4.0,1.0,19167085.0,53786889.5,53786889.5,1973,8
150,0.6,21.0,68.0,1.0,2.0,19167085.0,53786889.5,53786889.5,1973,8
153,0.4,41.0,68.0,3.0,4.0,19167085.0,53786889.5,53786889.5,1973,8
158,0.52,202.0,68.0,2.0,5.0,19167085.0,53786889.5,53786889.5,1974,7
159,0.62,687.0,68.0,1.0,16.0,19167085.0,53786889.5,53786889.5,1974,7
160,0.47,3438.0,68.0,45.0,62.0,19167085.0,53786889.5,53786889.5,1974,7
161,0.63,148.0,68.0,5.0,12.0,19167085.0,53786889.5,53786889.5,1974,7
162,0.64,1470.0,68.0,39.0,67.0,19167085.0,53786889.5,53786889.5,1975,11
163,0.38,159.0,68.0,13.0,3.0,19167085.0,53786889.5,53786889.5,1975,11
167,0.62,49.0,68.0,1.0,16.0,19167085.0,53786889.5,53786889.5,1976,15
166,0.6599999999999999,2488.0,68.0,24.0,7.0,19167085.0,53786889.5,1221944.0,1976,15
164,0.5700000000000001,223.0,68.0,3.0,3.0,19167085.0,53786889.5,53786889.5,1976,15
165,0.65,80.0,68.0,2.0,6.0,19167085.0,53786889.5,53786889.5,1976,15
168,0.51,41.0,68.0,1.0,5.0,19167085.0,53786889.5,53786889.5,1977,12
169,0.39,318.0,68.0,15.0,9.0,19167085.0,53786889.5,53786889.5,1977,12
170,0.67,41.0,68.0,2.0,16.0,19167085.0,53786889.5,53786889.5,1978,17
171,0.55,1260.0,68.0,25.0,24.0,19167085.0,53786889.5,53786889.5,1978,17
172,0.47,2457.0,68.0,80.0,38.0,19167085.0,53786889.5,53786889.5,1978,17
173,0.73,140117.0,86.0,517.0,176.0,7465343.0,134218018.0,166200000.0,1978,17
177,0.4,39.0,68.0,4.0,6.0,19167085.0,53786889.5,53786889.5,1979,14
176,0.55,638.0,68.0,9.0,8.0,19167085.0,53786889.5,53786889.5,1979,14
178,0.4,838.0,68.0,20.0,22.0,19167085.0,53786889.5,53786889.5,1979,14
174,0.38,1182.0,68.0,30.0,26.0,19167085.0,53786889.5,53786889.5,1979,14
175,0.5700000000000001,27.0,68.0,2.0,1.0,19167085.0,53786889.5,53786889.5,1979,14
184,0.65,42635.0,68.0,260.0,106.0,3934030.0,27107960.0,27107960.0,1980,11
183,0.65,42635.0,68.0,260.0,106.0,3934030.0,27107960.0,27107960.0,1980,11
182,0.22000000000000008,3792.0,68.0,96.0,16.0,19167085.0,53786889.5,53786889.5,1980,11
179,0.31,626.0,68.0,14.0,15.0,19167085.0,53786889.5,53786889.5,1980,11
180,0.61,1139.0,68.0,16.0,10.0,19167085.0,15934737.0,15934737.0,1980,11
181,0.22000000000000008,3792.0,68.0,96.0,16.0,19167085.0,53786889.5,53786889.5,1980,11
195,0.64,5607.0,68.0,38.0,21.0,19167085.0,53786889.5,53786889.5,1981,8
194,0.64,5607.0,68.0,38.0,21.0,19167085.0,53786889.5,53786889.5,1981,8
192,0.58,3919.0,68.0,38.0,14.0,19167085.0,53786889.5,53786889.5,1981,8
191,0.61,3540.0,68.0,51.0,14.0,19167085.0,11118000.0,11118000.0,1981,8
190,0.61,3540.0,68.0,51.0,14.0,19167085.0,11118000.0,11118000.0,1981,8
193,0.58,3918.0,68.0,38.0,14.0,19167085.0,53786889.5,53786889.5,1981,8
188,0.6799999999999999,85554.0,87.0,277.0,127.0,14100523.0,108185706.0,108185706.0,1981,8
187,0.5,1538.0,68.0,43.0,28.0,2945600.0,12617845.0,12617845.0,1981,8
186,0.5,1538.0,68.0,43.0,28.0,2945600.0,12617845.0,12617845.0,1981,8
185,0.5700000000000001,517.0,68.0,8.0,7.0,19167085.0,53786889.5,53786889.5,1981,8
189,0.6799999999999999,85553.0,87.0,277.0,127.0,14100523.0,108185706.0,108185706.0,1981,8
202,0.6599999999999999,87.0,68.0,1.0,1.0,19167085.0,53786889.5,53786889.5,1982,12
196,0.54,10773.0,68.0,82.0,88.0,19167085.0,53786889.5,53786889.5,1982,12
197,0.54,10773.0,68.0,82.0,88.0,19167085.0,53786889.5,53786889.5,1982,12
198,0.6799999999999999,101828.0,68.0,282.0,161.0,4761795.0,33000000.0,33000000.0,1982,12
199,0.6799999999999999,101828.0,68.0,282.0,161.0,4761795.0,33000000.0,33000000.0,1982,12
200,0.62,18.0,68.0,1.0,16.0,19167085.0,53786889.5,53786889.5,1982,12
201,0.62,18.0,68.0,1.0,16.0,19167085.0,53786889.5,53786889.5,1982,12
203,0.6599999999999999,87.0,68.0,1.0,1.0,19167085.0,53786889.5,53786889.5,1982,12
207,0.7,937.0,68.0,17.0,11.0,19167085.0,53786889.5,53786889.5,1983,8
206,0.7,937.0,68.0,17.0,11.0,19167085.0,53786889.5,53786889.5,1983,8
204,0.4900000000000001,56038.0,68.0,237.0,101.0,13352357.0,59950623.0,59950623.0,1983,8
205,0.4900000000000001,56038.0,68.0,237.0,101.0,13352357.0,59950623.0,59950623.0,1983,8
208,0.47,34.0,68.0,1.0,16.0,19167085.0,53786889.5,53786889.5,1984,10
209,0.47,34.0,68.0,1.0,16.0,19167085.0,53786889.5,53786889.5,1984,10
210,0.5700000000000001,577.0,68.0,22.0,16.0,19167085.0,53786889.5,53786889.5,1984,10
211,0.5700000000000001,577.0,68.0,22.0,16.0,19167085.0,53786889.5,53786889.5,1984,10
212,0.74,34.0,68.0,2.0,16.0,19167085.0,53786889.5,53786889.5,1985,16
213,0.74,34.0,68.0,2.0,16.0,19167085.0,53786889.5,53786889.5,1985,16
222,0.8,45.0,68.0,1.0,16.0,19167085.0,53786889.5,53786889.5,1986,17
221,0.46,37393.0,68.0,286.0,81.0,5070136.0,16295774.0,21667000.0,1986,17
220,0.46,37393.0,68.0,286.0,81.0,5070136.0,16295774.0,21667000.0,1986,17
219,0.62,21264.0,68.0,155.0,107.0,19167085.0,53786889.5,53786889.5,1986,17
217,0.58,342.0,68.0,12.0,5.0,291126.0,1268443.0,1268443.0,1986,17
216,0.58,342.0,68.0,12.0,5.0,291126.0,1268443.0,1268443.0,1986,17
223,0.8,45.0,68.0,1.0,16.0,19167085.0,53786889.5,53786889.5,1986,17
214,0.6,13.0,68.0,1.0,16.0,19167085.0,53786889.5,53786889.5,1986,17
218,0.62,21264.0,68.0,155.0,107.0,19167085.0,53786889.5,53786889.5,1986,17
215,0.6,13.0,68.0,1.0,16.0,19167085.0,53786889.5,53786889.5,1986,17
231,0.58,145.0,68.0,8.0,11.0,19167085.0,53786889.5,53786889.5,1987,16
227,0.75,202542.0,67.0,469.0,264.0,8008721.0,53424681.0,53424681.0,1987,16
230,0.58,145.0,68.0,8.0,11.0,19167085.0,53786889.5,53786889.5,1987,16
229,0.37,36975.0,68.0,273.0,100.0,19167085.0,15681020.0,15681020.0,1987,16
224,0.58,200.0,68.0,4.0,3.0,19167085.0,53786889.5,53786889.5,1987,16
226,0.75,202542.0,67.0,469.0,264.0,8008721.0,53424681.0,53424681.0,1987,16
225,0.58,200.0,68.0,4.0,3.0,19167085.0,53786889.5,53786889.5,1987,16
228,0.37,36975.0,68.0,273.0,100.0,19167085.0,15681020.0,15681020.0,1987,16
232,0.7,41.0,68.0,2.0,16.0,19167085.0,53786889.5,53786889.5,1988,14
233,0.7,41.0,68.0,2.0,16.0,19167085.0,53786889.5,53786889.5,1988,14
234,0.53,24.0,68.0,1.0,16.0,19167085.0,53786889.5,53786889.5,1988,14
235,0.53,24.0,68.0,1.0,16.0,19167085.0,53786889.5,53786889.5,1988,14
236,0.58,2368.0,68.0,25.0,15.0,19167085.0,53786889.5,53786889.5,1988,14
237,0.58,2368.0,68.0,25.0,15.0,19167085.0,53786889.5,53786889.5,1988,14
251,0.5700000000000001,18478.0,68.0,169.0,97.0,19167085.0,53786889.5,53786889.5,1989,16
254,0.37,253.0,68.0,15.0,11.0,19167085.0,53786889.5,53786889.5,1989,16
252,0.4400000000000001,3660.0,68.0,33.0,29.0,52080.0,363561.0,363561.0,1989,16
255,0.37,253.0,68.0,15.0,11.0,19167085.0,53786889.5,53786889.5,1989,16
259,0.5700000000000001,50.0,68.0,3.0,1.0,19167085.0,53786889.5,53786889.5,1989,16
257,0.7,46.0,68.0,2.0,1.0,19167085.0,53786889.5,53786889.5,1989,16
258,0.5700000000000001,50.0,68.0,3.0,1.0,19167085.0,53786889.5,53786889.5,1989,16
250,0.5700000000000001,18478.0,68.0,169.0,97.0,19167085.0,53786889.5,53786889.5,1989,16
256,0.7,46.0,68.0,2.0,1.0,19167085.0,53786889.5,53786889.5,1989,16
249,0.45,8.0,68.0,1.0,16.0,19167085.0,53786889.5,53786889.5,1989,16
253,0.4400000000000001,3660.0,68.0,33.0,29.0,52080.0,363561.0,363561.0,1989,16
247,0.71,4870.0,68.0,20.0,3.0,19167085.0,53786889.5,9060335.0,1989,16
248,0.45,8.0,68.0,1.0,16.0,19167085.0,53786889.5,53786889.5,1989,16
238,0.51,5227.0,68.0,45.0,37.0,28950.0,792966.0,792966.0,1989,16
239,0.51,5227.0,68.0,45.0,37.0,28950.0,792966.0,792966.0,1989,16
241,0.6,2034.0,68.0,26.0,11.0,19167085.0,53786889.5,53786889.5,1989,16
242,0.45,3183.0,68.0,42.0,27.0,19167085.0,192816.0,192816.0,1989,16
240,0.6,2034.0,68.0,26.0,11.0,19167085.0,53786889.5,53786889.5,1989,16
244,0.76,297397.0,69.0,859.0,188.0,40489746.0,251188924.0,411348924.0,1989,16
245,0.76,297398.0,69.0,859.0,188.0,40489746.0,251188924.0,411348924.0,1989,16
246,0.71,4870.0,68.0,20.0,3.0,19167085.0,53786889.5,9060335.0,1989,16
243,0.45,3183.0,68.0,42.0,27.0,19167085.0,192816.0,192816.0,1989,16
275,0.33,9479.0,68.0,127.0,76.0,19167085.0,53786889.5,53786889.5,1990,17
269,0.58,71020.0,68.0,240.0,98.0,14145411.0,45681173.0,45681173.0,1990,17
273,0.54,18.0,68.0,2.0,1.0,19167085.0,53786889.5,53786889.5,1990,17
272,0.54,18.0,68.0,2.0,1.0,19167085.0,53786889.5,53786889.5,1990,17
271,0.64,51823.0,65.0,149.0,135.0,8054860.0,33878502.0,48878520.0,1990,17
270,0.64,51823.0,65.0,149.0,135.0,8054860.0,33878502.0,48878520.0,1990,17
268,0.58,71020.0,68.0,240.0,98.0,14145411.0,45681173.0,45681173.0,1990,17
274,0.33,9479.0,68.0,127.0,76.0,19167085.0,53786889.5,53786889.5,1990,17
266,0.45,6.0,68.0,1.0,16.0,19167085.0,53786889.5,53786889.5,1990,17
265,0.65,21.0,68.0,2.0,2.0,19167085.0,53786889.5,53786889.5,1990,17
264,0.65,21.0,68.0,2.0,2.0,19167085.0,53786889.5,53786889.5,1990,17
263,0.67,75003.0,68.0,203.0,113.0,19167085.0,135265915.0,201965915.0,1990,17
262,0.67,75003.0,68.0,203.0,113.0,19167085.0,135265915.0,201965915.0,1990,17
261,0.5900000000000001,1798.0,68.0,27.0,9.0,19167085.0,53786889.5,53786889.5,1990,17
260,0.5900000000000001,1798.0,68.0,27.0,9.0,19167085.0,53786889.5,53786889.5,1990,17
267,0.45,6.0,68.0,1.0,16.0,19167085.0,53786889.5,53786889.5,1990,17
285,0.64,46565.0,62.0,138.0,93.0,9600754.0,46704056.0,46704056.0,1991,17
284,0.64,46565.0,62.0,138.0,93.0,9600754.0,46704056.0,46704056.0,1991,17
282,0.58,90.0,68.0,8.0,8.0,19167085.0,53786889.5,53786889.5,1991,17
281,0.65,79.0,68.0,4.0,1.0,19167085.0,53786889.5,53786889.5,1991,17
283,0.58,90.0,68.0,8.0,8.0,19167085.0,53786889.5,53786889.5,1991,17
279,0.5900000000000001,2350.0,68.0,23.0,33.0,19167085.0,53786889.5,53786889.5,1991,17
278,0.5900000000000001,2350.0,68.0,23.0,33.0,19167085.0,53786889.5,53786889.5,1991,17
277,0.71,790.0,68.0,9.0,3.0,19167085.0,53786889.5,53786889.5,1991,17
276,0.71,790.0,68.0,9.0,3.0,19167085.0,53786889.5,53786889.5,1991,17
280,0.65,79.0,68.0,4.0,1.0,19167085.0,53786889.5,53786889.5,1991,17
293,0.5900000000000001,1022.0,68.0,23.0,31.0,19167085.0,53786889.5,53786889.5,1992,15
292,0.5900000000000001,1022.0,68.0,23.0,31.0,19167085.0,53786889.5,53786889.5,1992,15
291,0.7,239433.0,68.0,638.0,167.0,45687710.0,162831698.0,282800000.0,1992,15
290,0.7,239433.0,68.0,638.0,167.0,45687710.0,162831698.0,282800000.0,1992,15
288,0.4900000000000001,4034.0,68.0,52.0,45.0,19167085.0,53786889.5,53786889.5,1992,15
287,0.54,228.0,68.0,9.0,16.0,19167085.0,53786889.5,53786889.5,1992,15
286,0.54,228.0,68.0,9.0,16.0,19167085.0,53786889.5,53786889.5,1992,15
289,0.4900000000000001,4034.0,68.0,52.0,45.0,19167085.0,53786889.5,53786889.5,1992,15
301,0.51,6121.0,68.0,25.0,18.0,19167085.0,8023147.0,8023147.0,1993,28
306,0.65,8.0,68.0,1.0,1.0,19167085.0,53786889.5,53786889.5,1993,28
304,0.4,39282.0,68.0,195.0,90.0,19167085.0,10696210.0,10696210.0,1993,28
303,0.4,39282.0,68.0,195.0,90.0,19167085.0,10696210.0,10696210.0,1993,28
302,0.55,112.0,68.0,6.0,1.0,19167085.0,53786889.5,53786889.5,1993,28
300,0.51,6121.0,68.0,25.0,18.0,19167085.0,8023147.0,8023147.0,1993,28
305,0.5900000000000001,119.0,68.0,2.0,7.0,19167085.0,53786889.5,53786889.5,1993,28
298,0.65,118.0,68.0,3.0,8.0,19167085.0,53786889.5,53786889.5,1993,28
297,0.48,27285.0,68.0,92.0,64.0,19167085.0,42660000.0,42660000.0,1993,28
296,0.48,27285.0,68.0,92.0,64.0,19167085.0,42660000.0,42660000.0,1993,28
295,0.6599999999999999,2742.0,68.0,38.0,45.0,19167085.0,53786889.5,53786889.5,1993,28
294,0.6599999999999999,2742.0,68.0,38.0,45.0,19167085.0,53786889.5,53786889.5,1993,28
299,0.65,118.0,68.0,3.0,8.0,19167085.0,53786889.5,53786889.5,1993,28
316,0.4900000000000001,65.0,68.0,2.0,2.0,19167085.0,53786889.5,53786889.5,1994,38
313,0.6900000000000001,295849.0,68.0,230.0,65.0,23117068.0,119938730.0,351583407.0,1994,38
315,0.64,23.0,68.0,1.0,16.0,19167085.0,53786889.5,53786889.5,1994,38
314,0.4900000000000001,7586.0,68.0,24.0,11.0,3715480.0,7892208.0,7892208.0,1994,38
312,0.6,20459.0,68.0,150.0,78.0,19167085.0,32055248.0,48055248.0,1994,38
307,0.55,321.0,68.0,6.0,9.0,19167085.0,53786889.5,53786889.5,1994,38
310,0.6,2732.0,68.0,38.0,36.0,19167085.0,53786889.5,53786889.5,1994,38
308,0.6599999999999999,32.0,68.0,5.0,16.0,19167085.0,53786889.5,53786889.5,1994,38
311,0.64,27.0,68.0,2.0,16.0,19167085.0,53786889.5,53786889.5,1994,38
309,0.6,84.0,68.0,2.0,5.0,19167085.0,53786889.5,53786889.5,1994,38
317,0.53,26961.0,68.0,178.0,66.0,19167085.0,4064333.0,6600000.0,1995,35
318,0.54,209792.0,68.0,572.0,157.0,52784433.0,184031112.0,152500000.0,1995,35
319,0.51,22254.0,68.0,137.0,79.0,13104788.0,37804616.0,66050379.0,1995,35
320,0.55,97678.0,68.0,233.0,106.0,12291536.0,34693481.0,113493481.0,1995,35
321,0.51,4076.0,68.0,41.0,31.0,19167085.0,53786889.5,53786889.5,1995,35
322,0.48,894.0,68.0,20.0,17.0,19167085.0,53786889.5,53786889.5,1995,35
323,0.7,1573.0,68.0,9.0,4.0,19167085.0,53786889.5,7417517.0,1995,35
324,0.7,1573.0,68.0,9.0,4.0,19167085.0,53786889.5,7417517.0,1995,35
336,0.37,1183.0,68.0,38.0,22.0,19167085.0,53786889.5,53786889.5,1996,28
339,0.55,78403.0,68.0,177.0,84.0,12112267.0,60592389.0,129832389.0,1996,28
338,0.34,2178.0,68.0,27.0,6.0,19167085.0,53786889.5,53786889.5,1996,28
337,0.62,687.0,68.0,1.0,16.0,19167085.0,53786889.5,53786889.5,1996,28
334,0.46,17114.0,68.0,168.0,52.0,9785111.0,17883659.0,7500000.0,1996,28
333,0.62,180.0,68.0,8.0,16.0,19167085.0,53786889.5,53786889.5,1996,28
332,0.48,2964.0,68.0,29.0,25.0,19167085.0,53786889.5,53786889.5,1996,28
335,0.78,2181.0,68.0,10.0,3.0,19167085.0,53786889.5,53786889.5,1996,28
330,0.4900000000000001,29463.0,68.0,159.0,61.0,5072346.0,17300889.0,17300889.0,1996,28
329,0.34,760.0,68.0,19.0,2.0,19167085.0,53786889.5,53786889.5,1996,28
328,0.32,22065.0,68.0,98.0,71.0,19167085.0,3794000.0,3794000.0,1996,28
327,0.8400000000000001,37.0,68.0,1.0,16.0,19167085.0,53786889.5,53786889.5,1996,28
326,0.63,15.0,68.0,1.0,16.0,19167085.0,53786889.5,53786889.5,1996,28
325,0.47,1445.0,68.0,27.0,10.0,19167085.0,53786889.5,53786889.5,1996,28
331,0.6900000000000001,11.0,68.0,1.0,16.0,19167085.0,53786889.5,53786889.5,1996,28
353,0.64,96.0,68.0,2.0,1.0,19167085.0,53786889.5,53786889.5,1997,26
352,0.78,7126.0,68.0,30.0,11.0,19167085.0,53786889.5,53786889.5,1997,26
351,0.61,25.0,68.0,1.0,16.0,19167085.0,53786889.5,53786889.5,1997,26
350,0.28,9563.0,68.0,68.0,38.0,870068.0,1710972.0,1710972.0,1997,26
349,0.52,57412.0,68.0,218.0,79.0,21210131.0,54967359.0,87949859.0,1997,26
348,0.73,167138.0,74.0,174.0,89.0,249567.0,99046791.0,252712101.0,1997,26
347,0.74,77.0,68.0,4.0,16.0,19167085.0,53786889.5,53786889.5,1997,26
345,0.33,602.0,68.0,14.0,3.0,19167085.0,53786889.5,53786889.5,1997,26
344,0.46,2477.0,68.0,32.0,23.0,3277084.0,6448817.0,6448817.0,1997,26
343,0.74,585.0,68.0,4.0,1.0,19167085.0,53786889.5,53786889.5,1997,26
342,0.35,7325.0,68.0,54.0,30.0,3301135.0,8109349.0,8109349.0,1997,26
341,0.37,207.0,68.0,7.0,4.0,19167085.0,53786889.5,53786889.5,1997,26
340,0.31,886.0,68.0,42.0,16.0,19167085.0,53786889.5,53786889.5,1997,26
346,0.37,207536.0,68.0,1057.0,201.0,42872606.0,107325195.0,238207122.0,1997,26
359,0.78,97.0,68.0,1.0,1.0,19167085.0,53786889.5,53786889.5,1998,25
361,0.5700000000000001,510.0,68.0,5.0,1.0,19167085.0,53786889.5,53786889.5,1998,25
360,0.71,213279.0,68.0,594.0,195.0,17073856.0,70087718.0,131183530.0,1998,25
362,0.62,31962.0,68.0,172.0,58.0,210073.0,582024.0,582024.0,1998,25
358,0.37,37349.0,68.0,455.0,113.0,10305957.0,23322832.0,25200000.0,1998,25
356,0.37,2266.0,68.0,49.0,21.0,19167085.0,53786889.5,53786889.5,1998,25
355,0.73,10671.0,68.0,46.0,28.0,19167085.0,53786889.5,53786889.5,1998,25
354,0.54,2123.0,68.0,20.0,14.0,3033609.0,7015240.0,7015240.0,1998,25
357,0.67,148980.0,63.0,328.0,154.0,22525855.0,94095523.0,250288523.0,1998,25
372,0.5700000000000001,42.0,68.0,3.0,1.0,19167085.0,53786889.5,53786889.5,1999,26
371,0.76,1048.0,68.0,16.0,1.0,19167085.0,53786889.5,53786889.5,1999,26
370,0.7,66983.0,67.0,378.0,165.0,5811664.0,21133087.0,21133087.0,1999,26
369,0.61,57009.0,65.0,439.0,126.0,10017865.0,29655590.0,29655590.0,1999,26
368,0.41,39958.0,68.0,233.0,72.0,21889138.0,97403112.0,134403112.0,1999,26
366,0.54,31.0,68.0,1.0,2.0,19167085.0,53786889.5,53786889.5,1999,26
365,0.82,501.0,68.0,3.0,16.0,19167085.0,53786889.5,53786889.5,1999,26
364,0.61,9925.0,68.0,99.0,70.0,4449692.0,12491455.0,12491455.0,1999,26
363,0.78,4436.0,68.0,12.0,2.0,19167085.0,53786889.5,53786889.5,1999,26
367,0.73,498.0,68.0,3.0,1.0,19167085.0,53786889.5,53786889.5,1999,26
380,0.75,1046.0,68.0,8.0,3.0,19167085.0,53786889.5,53786889.5,2000,30
383,0.82,5.0,68.0,1.0,16.0,19167085.0,53786889.5,53786889.5,2000,30
382,0.54,651.0,68.0,15.0,1.0,19167085.0,53786889.5,53786889.5,2000,30
384,0.72,291675.0,62.0,1383.0,309.0,30330771.0,95011339.0,154500000.0,2000,30
379,0.74,506528.0,64.0,1408.0,292.0,54471475.0,157299717.0,296339527.0,2000,30
381,0.5900000000000001,2034.0,68.0,54.0,28.0,10131.0,12996.0,12996.0,2000,30
377,0.71,296.0,68.0,18.0,1.0,19167085.0,53786889.5,53786889.5,2000,30
376,0.78,1333.0,68.0,17.0,4.0,19167085.0,53786889.5,53786889.5,2000,30
375,0.78,1817.0,68.0,34.0,7.0,19167085.0,53786889.5,53786889.5,2000,30
374,0.5599999999999999,1491.0,68.0,10.0,16.0,19167085.0,53786889.5,53786889.5,2000,30
373,0.62,687.0,68.0,1.0,16.0,19167085.0,53786889.5,53786889.5,2000,30
378,0.5,9665.0,68.0,152.0,30.0,19167085.0,53786889.5,53786889.5,2000,30
401,0.6799999999999999,171.0,68.0,1.0,16.0,19167085.0,53786889.5,53786889.5,2001,32
400,0.4400000000000001,595.0,68.0,12.0,29.0,19167085.0,53786889.5,53786889.5,2001,32
399,0.76,14084.0,79.0,125.0,102.0,6014653.0,14681661.0,14681661.0,2001,32
398,0.43,1987.0,68.0,56.0,30.0,19167085.0,53786889.5,53786889.5,2001,32
397,0.75,275.0,68.0,3.0,3.0,19167085.0,53786889.5,53786889.5,2001,32
396,0.6900000000000001,136461.0,68.0,870.0,174.0,11018543.0,30059386.0,30059386.0,2001,32
395,0.6799999999999999,3934.0,68.0,18.0,7.0,19167085.0,53786889.5,15218214.0,2001,32
394,0.6799999999999999,3933.0,68.0,18.0,7.0,19167085.0,53786889.5,15218214.0,2001,32
391,0.52,12334.0,68.0,131.0,31.0,1506233.0,3293258.0,3293258.0,2001,32
392,0.48,122.0,68.0,5.0,16.0,19167085.0,53786889.5,53786889.5,2001,32
390,0.63,34.0,68.0,2.0,16.0,19167085.0,53786889.5,53786889.5,2001,32
389,0.82,40.0,68.0,3.0,1.0,19167085.0,53786889.5,53786889.5,2001,32
388,0.7,102.0,68.0,1.0,16.0,19167085.0,53786889.5,53786889.5,2001,32
387,0.8,59.0,68.0,1.0,16.0,19167085.0,53786889.5,53786889.5,2001,32
386,0.6,58.0,68.0,1.0,16.0,19167085.0,53786889.5,53786889.5,2001,32
385,0.78,19331.0,68.0,80.0,21.0,19167085.0,53786889.5,53786889.5,2001,32
393,0.48,122.0,68.0,5.0,16.0,19167085.0,53786889.5,53786889.5,2001,32
412,0.5,78.0,68.0,3.0,2.0,19167085.0,53786889.5,53786889.5,2002,33
413,0.6799999999999999,133.0,68.0,2.0,16.0,19167085.0,53786889.5,53786889.5,2002,33
411,0.75,46.0,68.0,5.0,1.0,19167085.0,53786889.5,53786889.5,2002,33
415,0.77,263.0,68.0,8.0,1.0,19167085.0,53786889.5,53786889.5,2002,33
417,0.75,275.0,68.0,3.0,3.0,19167085.0,53786889.5,53786889.5,2002,33
414,0.6900000000000001,15.0,68.0,3.0,1.0,2800.0,53786889.5,53786889.5,2002,33
410,0.65,8393.0,65.0,76.0,50.0,3583114.0,11411644.0,11411644.0,2002,33
416,0.67,159.0,68.0,2.0,1.0,19167085.0,53786889.5,53786889.5,2002,33
408,0.6799999999999999,8.0,68.0,2.0,16.0,19167085.0,53786889.5,53786889.5,2002,33
407,0.73,603681.0,73.0,2042.0,301.0,114844116.0,403706375.0,821708551.0,2002,33
406,0.61,291.0,68.0,6.0,2.0,19167085.0,53786889.5,53786889.5,2002,33
405,0.67,176718.0,68.0,568.0,232.0,32528016.0,82348319.0,155010032.0,2002,33
404,0.4400000000000001,90.0,68.0,2.0,1.0,19167085.0,53786889.5,53786889.5,2002,33
403,0.4400000000000001,90.0,68.0,2.0,1.0,19167085.0,53786889.5,53786889.5,2002,33
409,0.61,292433.0,68.0,613.0,208.0,52148751.0,190418803.0,441818803.0,2002,33
402,0.5,6.0,68.0,1.0,16.0,19167085.0,53786889.5,53786889.5,2002,33
435,0.8800000000000001,17.0,68.0,1.0,16.0,19167085.0,53786889.5,53786889.5,2003,27
437,0.36,23.0,68.0,6.0,1.0,19167085.0,53786889.5,53786889.5,2003,27
438,0.75,7539.0,68.0,16.0,3.0,19167085.0,53786889.5,1906509.0,2003,27
439,0.75,7539.0,68.0,16.0,3.0,19167085.0,53786889.5,1906509.0,2003,27
440,0.75,44311.0,90.0,224.0,185.0,159705.0,6003587.0,6003587.0,2003,27
441,0.72,526.0,68.0,10.0,1.0,19167085.0,53786889.5,53786889.5,2003,27
445,0.42,32.0,68.0,2.0,16.0,19167085.0,53786889.5,53786889.5,2003,27
443,0.67,396385.0,68.0,2115.0,243.0,48475154.0,139313948.0,427343298.0,2003,27
444,0.63,92.0,68.0,1.0,16.0,19167085.0,53786889.5,53786889.5,2003,27
434,0.39,4030.0,68.0,133.0,47.0,19167085.0,53786889.5,53786889.5,2003,27
446,0.65,11.0,68.0,1.0,16.0,19167085.0,53786889.5,53786889.5,2003,27
447,0.65,11.0,68.0,1.0,16.0,19167085.0,53786889.5,53786889.5,2003,27
448,0.6,126.0,68.0,2.0,16.0,19167085.0,53786889.5,53786889.5,2003,27
442,0.67,8819.0,68.0,36.0,13.0,19167085.0,53786889.5,53786889.5,2003,27
433,0.8300000000000001,365.0,68.0,6.0,16.0,19167085.0,53786889.5,53786889.5,2003,27
436,0.75,5597.0,68.0,112.0,17.0,19167085.0,53786889.5,53786889.5,2003,27
431,0.78,422.0,68.0,6.0,1.0,19167085.0,53786889.5,53786889.5,2003,27
432,0.58,151669.0,68.0,792.0,207.0,23075892.0,66465204.0,179265204.0,2003,27
419,0.62,71.0,68.0,2.0,16.0,19167085.0,53786889.5,53786889.5,2003,27
420,0.36,1530.0,68.0,42.0,22.0,19167085.0,53786889.5,53786889.5,2003,27
421,0.62,46.0,68.0,1.0,16.0,19167085.0,53786889.5,53786889.5,2003,27
422,0.53,189770.0,68.0,1051.0,278.0,45033454.0,102543520.0,179179718.0,2003,27
423,0.51,369.0,68.0,31.0,1.0,19167085.0,53786889.5,53786889.5,2003,27
424,0.34,4695.0,68.0,43.0,12.0,19167085.0,53786889.5,56375000.0,2003,27
418,0.22000000000000008,440.0,68.0,25.0,16.0,19167085.0,53786889.5,53786889.5,2003,27
426,0.45,262.0,68.0,13.0,11.0,19167085.0,53786889.5,53786889.5,2003,27
427,0.75,453982.0,68.0,1074.0,294.0,85558731.0,214949694.0,407711549.0,2003,27
428,0.72,456967.0,62.0,2788.0,271.0,91774413.0,281492479.0,742128461.0,2003,27
429,0.74,65645.0,68.0,140.0,80.0,19167085.0,53786889.5,53786889.5,2003,27
430,0.5700000000000001,229595.0,68.0,1461.0,266.0,62128420.0,132177234.0,113107712.0,2003,27
425,0.74,6876.0,70.0,55.0,76.0,2310.0,14624.0,14624.0,2003,27
466,0.7,712.0,68.0,23.0,1.0,19167085.0,53786889.5,53786889.5,2004,31
467,0.4400000000000001,122.0,68.0,9.0,4.0,19167085.0,53786889.5,53786889.5,2004,31
468,0.73,3995.0,68.0,10.0,3.0,19167085.0,53786889.5,18435583.0,2004,31
469,0.73,3995.0,68.0,10.0,3.0,19167085.0,53786889.5,18435583.0,2004,31
470,0.5900000000000001,341.0,68.0,3.0,16.0,19167085.0,53786889.5,53786889.5,2004,31
471,0.41,921.0,68.0,21.0,11.0,19167085.0,53786889.5,53786889.5,2004,31
474,0.8,540820.0,90.0,842.0,291.0,70467623.0,261441092.0,631442092.0,2004,31
473,0.55,1296.0,68.0,10.0,3.0,19167085.0,53786889.5,53786889.5,2004,31
475,0.5900000000000001,147639.0,68.0,521.0,189.0,16061271.0,52411906.0,128905366.0,2004,31
476,0.63,301.0,68.0,19.0,5.0,19167085.0,53786889.5,53786889.5,2004,31
477,0.77,35.0,68.0,1.0,16.0,19167085.0,53786889.5,53786889.5,2004,31
478,0.48,31.0,68.0,1.0,16.0,19167085.0,53786889.5,53786889.5,2004,31
465,0.9,21.0,68.0,1.0,2.0,19167085.0,53786889.5,53786889.5,2004,31
472,0.74,113.0,68.0,2.0,16.0,19167085.0,53786889.5,53786889.5,2004,31
464,0.33,95835.0,68.0,681.0,213.0,17155000.0,40202379.0,82102379.0,2004,31
452,0.78,20.0,68.0,2.0,16.0,19167085.0,53786889.5,53786889.5,2004,31
462,0.75,1633.0,68.0,27.0,3.0,19167085.0,53786889.5,53786889.5,2004,31
461,0.71,104.0,68.0,4.0,3.0,19167085.0,53786889.5,53786889.5,2004,31
460,0.62,12.0,68.0,1.0,1.0,19167085.0,53786889.5,53786889.5,2004,31
459,0.73,466850.0,83.0,1339.0,305.0,115817364.0,373585825.0,783766341.0,2004,31
458,0.72,46.0,68.0,4.0,16.0,19167085.0,53786889.5,53786889.5,2004,31
457,0.72,46.0,68.0,4.0,16.0,19167085.0,53786889.5,53786889.5,2004,31
456,0.62,12612.0,68.0,160.0,92.0,19167085.0,53786889.5,53786889.5,2004,31
455,0.8,574573.0,83.0,956.0,306.0,25104949.0,66208183.0,152159461.0,2004,31
454,0.65,136281.0,68.0,633.0,197.0,13834527.0,33682273.0,33682273.0,2004,31
453,0.6900000000000001,270473.0,72.0,608.0,227.0,23172440.0,59623958.0,99414250.0,2004,31
451,0.6,1165.0,68.0,29.0,17.0,19167085.0,53786889.5,53786889.5,2004,31
450,0.51,2041.0,68.0,26.0,28.0,19167085.0,53786889.5,53786889.5,2004,31
449,0.5900000000000001,88.0,68.0,6.0,7.0,19167085.0,53786889.5,53786889.5,2004,31
463,0.85,46.0,68.0,1.0,16.0,19167085.0,53786889.5,53786889.5,2004,31
501,0.62,687.0,68.0,2.0,16.0,19167085.0,53786889.5,53786889.5,2005,51
500,0.75,287.0,68.0,3.0,3.0,19167085.0,53786889.5,53786889.5,2005,51
497,0.64,18.0,68.0,3.0,1.0,19167085.0,53786889.5,53786889.5,2005,51
498,0.79,6707.0,66.0,21.0,38.0,5609.0,36613.0,36613.0,2005,51
502,0.62,68349.0,62.0,222.0,131.0,14631784.0,63946815.0,86369815.0,2005,51
499,0.5700000000000001,285913.0,68.0,1021.0,278.0,56061504.0,154696080.0,175424795.0,2005,51
503,0.79,7.0,68.0,1.0,16.0,19167085.0,53786889.5,53786889.5,2005,51
511,0.64,212.0,68.0,13.0,2.0,19167085.0,53786889.5,53786889.5,2005,51
505,0.79,157.0,68.0,1.0,16.0,19167085.0,53786889.5,53786889.5,2005,51
506,0.67,6766.0,68.0,33.0,12.0,19167085.0,53786889.5,53786889.5,2005,51
508,0.5900000000000001,80696.0,68.0,247.0,135.0,16328506.0,46464023.0,142400065.0,2005,51
509,0.72,15.0,68.0,1.0,16.0,19167085.0,53786889.5,53786889.5,2005,51
510,0.58,73044.0,68.0,264.0,152.0,40049778.0,135386665.0,314432837.0,2005,51
496,0.79,29.0,68.0,1.0,16.0,19167085.0,53786889.5,53786889.5,2005,51
504,0.3,7468.0,68.0,164.0,30.0,19167085.0,53786889.5,53786889.5,2005,51
495,0.8300000000000001,1117707.0,70.0,2729.0,466.0,48745440.0,206852432.0,374218673.0,2005,51
507,0.72,173.0,68.0,8.0,1.0,19167085.0,53786889.5,53786889.5,2005,51
493,0.35,23805.0,68.0,186.0,67.0,12582088.0,39177684.0,71992655.0,2005,51
480,0.47,77981.0,68.0,384.0,195.0,14792335.0,24409722.0,32149231.0,2005,51
481,0.73,10.0,68.0,1.0,16.0,19167085.0,53786889.5,53786889.5,2005,51
482,0.4400000000000001,634.0,68.0,22.0,17.0,19167085.0,53786889.5,53786889.5,2005,51
494,0.82,10065.0,68.0,56.0,13.0,19167085.0,53786889.5,53786889.5,2005,51
483,0.47,202.0,68.0,28.0,126.0,19167085.0,53786889.5,53786889.5,2005,51
484,0.22000000000000008,46028.0,68.0,246.0,74.0,9100115.0,17018422.0,57552641.0,2005,51
485,0.7,261429.0,68.0,1022.0,286.0,33624407.0,75976178.0,230884728.0,2005,51
479,0.6799999999999999,239.0,68.0,1.0,16.0,19167085.0,53786889.5,53786889.5,2005,51
487,0.8099999999999999,86.0,68.0,37.0,16.0,19167085.0,53786889.5,53786889.5,2005,51
488,0.4,5291.0,68.0,93.0,43.0,19167085.0,143615.0,143615.0,2005,51
489,0.5700000000000001,42.0,68.0,3.0,1.0,19167085.0,53786889.5,53786889.5,2005,51
490,0.6900000000000001,409.0,68.0,5.0,1.0,19167085.0,53786889.5,53786889.5,2005,51
491,0.43,1024.0,68.0,23.0,17.0,19167085.0,53786889.5,53786889.5,2005,51
492,0.7,21.0,68.0,6.0,16.0,19167085.0,53786889.5,53786889.5,2005,51
486,0.7,639.0,68.0,6.0,1.0,19167085.0,53786889.5,53786889.5,2005,51
529,0.67,7866.0,68.0,21.0,30.0,19167085.0,53786889.5,53786889.5,2006,35
530,0.43,340.0,68.0,9.0,7.0,19167085.0,53786889.5,53786889.5,2006,35
531,0.43,16500.0,68.0,113.0,61.0,4510408.0,11631245.0,11631245.0,2006,35
532,0.6900000000000001,64.0,68.0,2.0,1.0,19167085.0,53786889.5,53786889.5,2006,35
533,0.6799999999999999,106.0,68.0,2.0,3.0,19167085.0,53786889.5,53786889.5,2006,35
534,0.6599999999999999,3448.0,68.0,20.0,30.0,19167085.0,53786889.5,53786889.5,2006,35
538,0.5599999999999999,107.0,68.0,3.0,16.0,19167085.0,53786889.5,53786889.5,2006,35
536,0.77,11518.0,68.0,137.0,43.0,19167085.0,53786889.5,53786889.5,2006,35
537,0.5599999999999999,107.0,68.0,3.0,16.0,19167085.0,53786889.5,53786889.5,2006,35
539,0.63,86.0,68.0,3.0,6.0,19167085.0,53786889.5,53786889.5,2006,35
540,0.55,50.0,68.0,1.0,2.0,19167085.0,53786889.5,53786889.5,2006,35
541,0.76,25.0,68.0,3.0,16.0,19167085.0,53786889.5,53786889.5,2006,35
528,0.25,942.0,68.0,30.0,14.0,19167085.0,53786889.5,53786889.5,2006,35
535,0.6900000000000001,5033.0,68.0,37.0,55.0,3232.0,6387.0,6387.0,2006,35
527,0.51,57285.0,68.0,201.0,145.0,8603460.0,22530295.0,38365852.0,2006,35
524,0.64,14700.0,68.0,111.0,21.0,19167085.0,53786889.5,53786889.5,2006,35
525,0.61,253598.0,72.0,2380.0,438.0,52535096.0,200081192.0,191000000.0,2006,35
512,0.58,2459.0,68.0,25.0,32.0,19167085.0,53786889.5,53786889.5,2006,35
526,0.86,7.0,68.0,1.0,16.0,19167085.0,53786889.5,53786889.5,2006,35
514,0.55,225.0,68.0,29.0,16.0,19167085.0,53786889.5,53786889.5,2006,35
515,0.6799999999999999,10895.0,68.0,73.0,39.0,19167085.0,53786889.5,53786889.5,2006,35
516,0.82,900303.0,62.0,2090.0,530.0,25642640.0,70511035.0,132511035.0,2006,35
517,0.55,356.0,68.0,10.0,11.0,19167085.0,53786889.5,53786889.5,2006,35
513,0.6,84.0,68.0,1.0,7.0,19167085.0,53786889.5,53786889.5,2006,35
519,0.67,426852.0,68.0,1923.0,335.0,122861157.0,234362462.0,459359555.0,2006,35
520,0.62,687.0,68.0,1.0,16.0,19167085.0,53786889.5,53786889.5,2006,35
521,0.71,100.0,68.0,2.0,1.0,19167085.0,53786889.5,53786889.5,2006,35
522,0.8,1081.0,68.0,9.0,8.0,19167085.0,53786889.5,53786889.5,2006,35
523,0.6,3160.0,68.0,41.0,10.0,19167085.0,53786889.5,53786889.5,2006,35
518,0.62,245.0,68.0,3.0,16.0,19167085.0,53786889.5,53786889.5,2006,35
557,0.67,4137.0,62.0,35.0,26.0,7373.0,83398.0,83398.0,2007,38
566,0.4400000000000001,2208.0,68.0,36.0,8.0,19167085.0,53786889.5,53786889.5,2007,38
558,0.48,17250.0,68.0,94.0,90.0,11585121.0,43751706.0,43751706.0,2007,38
559,0.19,225.0,68.0,1.0,16.0,19167085.0,53786889.5,53786889.5,2007,38
560,0.6799999999999999,6742.0,68.0,31.0,30.0,19167085.0,53786889.5,53786889.5,2007,38
563,0.6599999999999999,34.0,68.0,2.0,1.0,19167085.0,53786889.5,53786889.5,2007,38
562,0.7,17066.0,68.0,96.0,40.0,19167085.0,53786889.5,53786889.5,2007,38
564,0.6,18.0,68.0,1.0,16.0,19167085.0,53786889.5,53786889.5,2007,38
565,0.72,2025.0,68.0,14.0,21.0,19167085.0,53786889.5,53786889.5,2007,38
556,0.5599999999999999,228898.0,68.0,448.0,260.0,58051684.0,131921738.0,289047763.0,2007,38
561,0.67,2974.0,62.0,30.0,49.0,19167085.0,53786889.5,53786889.5,2007,38
555,0.72,356.0,68.0,2.0,16.0,19167085.0,53786889.5,53786889.5,2007,38
550,0.5,97.0,68.0,7.0,2.0,19167085.0,53786889.5,53786889.5,2007,38
553,0.75,89.0,68.0,3.0,16.0,19167085.0,53786889.5,53786889.5,2007,38
554,0.64,2962.0,62.0,40.0,95.0,7133.0,40257.0,40257.0,2007,38
542,0.72,2823.0,68.0,18.0,4.0,19167085.0,53786889.5,53786889.5,2007,38
543,0.61,387.0,68.0,12.0,6.0,19167085.0,53786889.5,53786889.5,2007,38
545,0.23,95073.0,68.0,665.0,111.0,18612544.0,39739367.0,86865564.0,2007,38
546,0.52,199402.0,68.0,686.0,277.0,52022908.0,115802596.0,228738393.0,2007,38
544,0.6,6305.0,68.0,26.0,33.0,19167085.0,53786889.5,53786889.5,2007,38
548,0.48,213.0,68.0,1.0,7.0,19167085.0,53786889.5,53786889.5,2007,38
549,0.63,56615.0,68.0,213.0,191.0,24255205.0,54149098.0,95608995.0,2007,38
551,0.62,430381.0,68.0,1936.0,400.0,151116516.0,336530303.0,554341323.0,2007,38
552,0.6599999999999999,46.0,68.0,6.0,22.0,19167085.0,53786889.5,53786889.5,2007,38
547,0.6799999999999999,2879.0,68.0,13.0,25.0,19167085.0,53786889.5,53786889.5,2007,38
584,0.63,107.0,68.0,2.0,2.0,19167085.0,53786889.5,53786889.5,2008,38
581,0.64,32.0,68.0,3.0,16.0,19167085.0,53786889.5,53786889.5,2008,38
582,0.63,3801.0,68.0,13.0,20.0,19167085.0,53786889.5,53786889.5,2008,38
583,0.71,797.0,68.0,5.0,26.0,12148.0,53786889.5,53786889.5,2008,38
585,0.24,315.0,68.0,4.0,2.0,19167085.0,53786889.5,53786889.5,2008,38
591,0.48,56287.0,68.0,298.0,225.0,6463278.0,19781879.0,19781879.0,2008,38
587,0.7,24.0,68.0,1.0,16.0,19167085.0,53786889.5,53786889.5,2008,38
588,0.33,177.0,68.0,3.0,3.0,19167085.0,53786889.5,53786889.5,2008,38
589,0.6,54197.0,68.0,287.0,154.0,4271451.0,7948159.0,10100036.0,2008,38
590,0.6799999999999999,1708.0,68.0,19.0,46.0,19167085.0,53786889.5,53786889.5,2008,38
586,0.6900000000000001,205400.0,61.0,177.0,172.0,19167085.0,67294270.0,92380927.0,2008,38
579,0.73,283.0,68.0,3.0,1.0,19167085.0,53786889.5,53786889.5,2008,38
580,0.9,1913347.0,82.0,5290.0,634.0,158411483.0,534858444.0,1004558444.0,2008,38
577,0.6799999999999999,23141.0,68.0,93.0,57.0,19167085.0,53786889.5,53786889.5,2008,38
578,0.7,227914.0,78.0,353.0,344.0,34539115.0,75754670.0,160388063.0,2008,38
567,0.61,262147.0,68.0,493.0,238.0,32092991.0,80172128.0,222231186.0,2008,38
568,0.7,15196.0,68.0,65.0,39.0,19167085.0,53786889.5,53786889.5,2008,38
570,0.6599999999999999,1077.0,68.0,12.0,36.0,19167085.0,53786889.5,53786889.5,2008,38
571,0.45,56978.0,68.0,175.0,119.0,9510297.0,26638520.0,73026302.0,2008,38
569,0.85,6467.0,68.0,7.0,4.0,19167085.0,53786889.5,53786889.5,2008,38
573,0.79,784685.0,79.0,1099.0,499.0,98618668.0,318412101.0,585174222.0,2008,38
574,0.6799999999999999,364363.0,61.0,668.0,368.0,55414050.0,134518390.0,263427551.0,2008,38
575,0.67,325549.0,64.0,731.0,315.0,50927085.0,134508551.0,341433252.0,2008,38
576,0.64,388082.0,68.0,602.0,322.0,62603879.0,227946274.0,624386746.0,2008,38
572,0.41,786.0,68.0,7.0,3.0,19167085.0,53786889.5,53786889.5,2008,38
613,0.4900000000000001,1222.0,68.0,6.0,10.0,19167085.0,53786889.5,53786889.5,2009,45
609,0.15,367.0,68.0,1.0,4.0,19167085.0,53786889.5,53786889.5,2009,45
610,0.79,34.0,68.0,1.0,16.0,19167085.0,53786889.5,53786889.5,2009,45
611,0.72,12438.0,68.0,35.0,44.0,19167085.0,53786889.5,53786889.5,2009,45
612,0.42,602.0,68.0,5.0,9.0,19167085.0,53786889.5,53786889.5,2009,45
614,0.62,687.0,68.0,1.0,16.0,19167085.0,53786889.5,53786889.5,2009,45
620,0.52,60.0,68.0,2.0,1.0,19167085.0,53786889.5,53786889.5,2009,45
616,0.63,28639.0,68.0,78.0,138.0,6702923.0,19548064.0,19548064.0,2009,45
617,0.78,2774.0,68.0,16.0,8.0,19167085.0,53786889.5,53786889.5,2009,45
618,0.54,33325.0,68.0,123.0,124.0,16894511.0,49492060.0,96753696.0,2009,45
619,0.6900000000000001,174.0,68.0,2.0,5.0,19167085.0,53786889.5,53786889.5,2009,45
608,0.67,1394.0,68.0,16.0,7.0,19167085.0,53786889.5,53786889.5,2009,45
615,0.72,17822.0,68.0,37.0,42.0,19167085.0,53786889.5,53786889.5,2009,45
607,0.64,104.0,68.0,1.0,1.0,19167085.0,53786889.5,53786889.5,2009,45
621,0.58,4002.0,68.0,27.0,15.0,19167085.0,53786889.5,53786889.5,2009,45
605,0.6599999999999999,409763.0,68.0,661.0,359.0,85058003.0,179883157.0,373062864.0,2009,45
606,0.37,224.0,68.0,3.0,5.0,19167085.0,53786889.5,53786889.5,2009,45
593,0.8800000000000001,5.0,68.0,1.0,16.0,19167085.0,53786889.5,53786889.5,2009,45
594,0.71,10207.0,68.0,39.0,28.0,19167085.0,53786889.5,53786889.5,2009,45
595,0.61,97066.0,68.0,224.0,137.0,10079109.0,31806100.0,31806100.0,2009,45
596,0.74,13445.0,68.0,51.0,54.0,19167085.0,53786889.5,53786889.5,2009,45
597,0.76,429900.0,68.0,1263.0,458.0,55214334.0,107509799.0,185258983.0,2009,45
592,0.32,8.0,68.0,1.0,1.0,19167085.0,53786889.5,53786889.5,2009,45
599,0.31,964.0,68.0,15.0,11.0,21463.0,30955.0,30955.0,2009,45
600,0.72,1285.0,68.0,9.0,11.0,19167085.0,53786889.5,53786889.5,2009,45
601,0.79,13.0,68.0,1.0,16.0,19167085.0,53786889.5,53786889.5,2009,45
602,0.4400000000000001,104.0,68.0,5.0,3.0,19167085.0,53786889.5,53786889.5,2009,45
603,0.26,62556.0,68.0,541.0,131.0,4756488.0,9353573.0,57497699.0,2009,45
604,0.39,130.0,68.0,6.0,7.0,19167085.0,53786889.5,53786889.5,2009,45
598,0.61,1632.0,68.0,13.0,49.0,19167085.0,53786889.5,53786889.5,2009,45
637,0.73,2264.0,68.0,7.0,4.0,19167085.0,53786889.5,53786889.5,2010,47
638,0.72,20498.0,68.0,52.0,37.0,19167085.0,53786889.5,53786889.5,2010,47
639,0.73,194199.0,63.0,199.0,231.0,46016833.0,148415853.0,321885765.0,2010,47
640,0.78,1032.0,68.0,9.0,7.0,19167085.0,53786889.5,53786889.5,2010,47
641,0.76,2898.0,68.0,5.0,4.0,19167085.0,53786889.5,53786889.5,2010,47
644,0.6900000000000001,19.0,68.0,3.0,16.0,19167085.0,53786889.5,53786889.5,2010,47
643,0.6599999999999999,9.0,68.0,1.0,16.0,19167085.0,53786889.5,53786889.5,2010,47
645,0.6799999999999999,284718.0,68.0,684.0,469.0,44026211.0,172062763.0,400062763.0,2010,47
646,0.58,24.0,68.0,2.0,1.0,19167085.0,53786889.5,53786889.5,2010,47
636,0.63,8839.0,68.0,35.0,88.0,11365.0,48398.0,48398.0,2010,47
642,0.72,5394.0,68.0,8.0,12.0,19167085.0,53786889.5,53786889.5,2010,47
634,0.76,67.0,68.0,1.0,16.0,19167085.0,53786889.5,53786889.5,2010,47
635,0.8099999999999999,44973.0,68.0,102.0,58.0,19167085.0,53786889.5,53786889.5,2010,47
624,0.73,19930.0,68.0,33.0,39.0,19167085.0,53786889.5,53786889.5,2010,47
632,0.73,491.0,68.0,6.0,16.0,19167085.0,53786889.5,53786889.5,2010,47
631,0.18,515.0,68.0,13.0,7.0,19167085.0,53786889.5,53786889.5,2010,47
630,0.62,65.0,68.0,2.0,1.0,19167085.0,53786889.5,53786889.5,2010,47
629,0.52,22.0,68.0,2.0,9.0,19167085.0,53786889.5,53786889.5,2010,47
628,0.6799999999999999,33317.0,68.0,93.0,65.0,13265.0,44462.0,44462.0,2010,47
627,0.7,594846.0,68.0,756.0,465.0,128122480.0,312433331.0,623933331.0,2010,47
626,0.73,1950.0,68.0,6.0,3.0,19167085.0,53786889.5,53786889.5,2010,47
625,0.76,476639.0,66.0,821.0,449.0,19828687.0,48071303.0,96188903.0,2010,47
623,0.71,104.0,68.0,4.0,3.0,19167085.0,53786889.5,53786889.5,2010,47
622,0.6799999999999999,10149.0,68.0,29.0,34.0,19167085.0,53786889.5,53786889.5,2010,47
633,0.47,49599.0,68.0,185.0,180.0,5379365.0,10539414.0,10539414.0,2010,47
670,0.65,350.0,68.0,9.0,1.0,19167085.0,53786889.5,53786889.5,2011,49
669,0.6599999999999999,4245.0,68.0,3.0,6.0,19167085.0,53786889.5,53786889.5,2011,49
668,0.6900000000000001,590001.0,66.0,723.0,524.0,65058524.0,176654505.0,370569774.0,2011,49
665,0.6799999999999999,67537.0,68.0,221.0,240.0,46549.0,322157.0,322157.0,2011,49
666,0.5599999999999999,241257.0,68.0,569.0,439.0,53174303.0,116601172.0,219851172.0,2011,49
671,0.45,1617.0,68.0,33.0,5.0,19167085.0,53786889.5,53786889.5,2011,49
667,0.62,687.0,68.0,1.0,16.0,19167085.0,53786889.5,53786889.5,2011,49
672,0.47,146.0,68.0,1.0,1.0,19167085.0,53786889.5,53786889.5,2011,49
678,0.65,9438.0,68.0,69.0,7.0,19167085.0,53786889.5,53786889.5,2011,49
674,0.74,25757.0,68.0,63.0,43.0,19167085.0,53786889.5,53786889.5,2011,49
675,0.6900000000000001,2160.0,68.0,9.0,6.0,19167085.0,53786889.5,53786889.5,2011,49
676,0.74,4807.0,68.0,3.0,3.0,19167085.0,53786889.5,53786889.5,2011,49
677,0.48,33851.0,68.0,311.0,56.0,1654023.0,2511689.0,35911689.0,2011,49
679,0.43,535.0,68.0,5.0,16.0,19167085.0,53786889.5,53786889.5,2011,49
680,0.78,1032.0,68.0,3.0,16.0,19167085.0,53786889.5,53786889.5,2011,49
673,0.92,66.0,68.0,1.0,16.0,19167085.0,53786889.5,53786889.5,2011,49
664,0.4400000000000001,1290.0,68.0,7.0,5.0,19167085.0,51546.0,7200000.0,2011,49
660,0.16999999999999998,2408.0,68.0,36.0,26.0,19167085.0,53786889.5,53786889.5,2011,49
662,0.78,576291.0,65.0,716.0,506.0,55101604.0,146408305.0,353624124.0,2011,49
647,0.71,750.0,68.0,4.0,12.0,19167085.0,53786889.5,53786889.5,2011,49
648,0.42,238.0,68.0,3.0,1.0,19167085.0,53786889.5,53786889.5,2011,49
649,0.58,144489.0,68.0,452.0,444.0,33526876.0,98780042.0,227817248.0,2011,49
663,0.6799999999999999,10292.0,68.0,16.0,29.0,19167085.0,53786889.5,53786889.5,2011,49
651,0.7,11509.0,68.0,35.0,39.0,19167085.0,53786889.5,53786889.5,2011,49
652,0.37,142.0,68.0,9.0,16.0,19167085.0,53786889.5,53786889.5,2011,49
653,0.61,4333.0,68.0,32.0,56.0,19167085.0,53786889.5,53786889.5,2011,49
650,0.54,452.0,68.0,7.0,12.0,19167085.0,53786889.5,53786889.5,2011,49
655,0.7,38.0,68.0,3.0,24.0,19167085.0,53786889.5,53786889.5,2011,49
656,0.8099999999999999,19.0,68.0,3.0,1.0,19167085.0,53786889.5,53786889.5,2011,49
657,0.58,662.0,68.0,15.0,8.0,19167085.0,53786889.5,53786889.5,2011,49
658,0.12,253.0,68.0,4.0,4.0,19167085.0,53786889.5,53786889.5,2011,49
659,0.7,614711.0,68.0,770.0,533.0,65723338.0,181030624.0,449326618.0,2011,49
661,0.64,4374.0,68.0,10.0,20.0,19167085.0,53786889.5,53786889.5,2011,49
654,0.63,27.0,68.0,2.0,1.0,19167085.0,53786889.5,53786889.5,2011,49
692,0.71,3072.0,68.0,9.0,39.0,345.0,345.0,345.0,2012,75
693,0.5,752.0,68.0,4.0,5.0,55501.0,68677.0,68677.0,2012,75
694,0.48,61.0,68.0,4.0,2.0,19167085.0,53786889.5,53786889.5,2012,75
695,0.7,31.0,68.0,1.0,2.0,19167085.0,53786889.5,53786889.5,2012,75
698,0.52,1379.0,68.0,12.0,10.0,19167085.0,53786889.5,53786889.5,2012,75
697,0.62,687.0,68.0,1.0,16.0,19167085.0,53786889.5,53786889.5,2012,75
699,0.11,109.0,68.0,3.0,2.0,19167085.0,53786889.5,53786889.5,2012,75
700,0.6900000000000001,926.0,68.0,7.0,5.0,19167085.0,53786889.5,53786889.5,2012,75
696,0.8,43639.0,68.0,71.0,61.0,19167085.0,53786889.5,53786889.5,2012,75
691,0.7,43.0,68.0,1.0,16.0,19167085.0,53786889.5,53786889.5,2012,75
689,0.7,497758.0,66.0,1256.0,614.0,62004688.0,262030663.0,757930663.0,2012,75
688,0.71,10341.0,68.0,30.0,27.0,19167085.0,53786889.5,53786889.5,2012,75
687,0.54,1912.0,68.0,14.0,23.0,19167085.0,53786889.5,53786889.5,2012,75
686,0.8099999999999999,1095968.0,69.0,1749.0,715.0,207438708.0,623357910.0,1519557910.0,2012,75
685,0.71,111.0,68.0,2.0,16.0,19167085.0,53786889.5,53786889.5,2012,75
684,0.13,530.0,68.0,8.0,3.0,19167085.0,53786889.5,53786889.5,2012,75
683,0.75,158.0,68.0,4.0,13.0,19167085.0,53786889.5,53786889.5,2012,75
682,0.75,25192.0,68.0,34.0,31.0,19167085.0,53786889.5,53786889.5,2012,75
681,0.43,97694.0,68.0,343.0,289.0,22115334.0,51774002.0,149217355.0,2012,75
690,0.8400000000000001,1300615.0,78.0,2770.0,825.0,160887295.0,448139099.0,1084939099.0,2012,75
717,0.67,376266.0,68.0,558.0,455.0,53113752.0,132556852.0,414828246.0,2013,65
718,0.82,33307.0,68.0,59.0,45.0,19167085.0,53786889.5,53786889.5,2013,65
719,0.6599999999999999,226255.0,68.0,387.0,351.0,13332955.0,28795985.0,63297114.0,2013,65
728,0.48,1749.0,68.0,18.0,11.0,19167085.0,53786889.5,53786889.5,2013,65
721,0.6799999999999999,15.0,68.0,1.0,16.0,19167085.0,53786889.5,53786889.5,2013,65
726,0.53,17723.0,68.0,153.0,32.0,1049560.0,2191343.0,2191343.0,2013,65
723,0.78,27.0,68.0,1.0,16.0,19167085.0,53786889.5,53786889.5,2013,65
724,0.78,327.0,68.0,6.0,1.0,19167085.0,53786889.5,53786889.5,2013,65
725,0.7,13.0,68.0,2.0,16.0,19167085.0,53786889.5,53786889.5,2013,65
727,0.7,482172.0,68.0,569.0,497.0,85737841.0,206362140.0,644783140.0,2013,65
716,0.6900000000000001,791.0,68.0,4.0,1.0,19167085.0,53786889.5,53786889.5,2013,65
722,0.64,1302.0,68.0,3.0,2.0,19167085.0,53786889.5,53786889.5,2013,65
715,0.72,220.0,68.0,2.0,4.0,19167085.0,53786889.5,53786889.5,2013,65
720,0.45,827.0,68.0,7.0,10.0,19167085.0,53786889.5,53786889.5,2013,65
713,0.71,611456.0,68.0,2607.0,737.0,116619362.0,291045518.0,668045518.0,2013,65
701,0.6599999999999999,629.0,68.0,1.0,2.0,19167085.0,53786889.5,53786889.5,2013,65
702,0.4,1888.0,68.0,36.0,43.0,19167085.0,53786889.5,53786889.5,2013,65
703,0.43,88085.0,68.0,381.0,183.0,4805878.0,8828771.0,8828771.0,2013,65
704,0.8400000000000001,37281.0,68.0,66.0,48.0,19167085.0,53786889.5,53786889.5,2013,65
705,0.6900000000000001,20.0,68.0,2.0,3.0,19167085.0,53786889.5,53786889.5,2013,65
706,0.13,334.0,68.0,7.0,4.0,19167085.0,53786889.5,53786889.5,2013,65
714,0.65,199877.0,68.0,731.0,456.0,29210849.0,89302115.0,260502115.0,2013,65
708,0.53,3406.0,68.0,14.0,31.0,19167085.0,53786889.5,53786889.5,2013,65
709,0.51,1448.0,68.0,9.0,12.0,19167085.0,53786889.5,53786889.5,2013,65
710,0.6900000000000001,237.0,68.0,3.0,1.0,19167085.0,53786889.5,53786889.5,2013,65
711,0.72,628518.0,62.0,1210.0,619.0,174144585.0,409013994.0,1215439994.0,2013,65
712,0.67,9308.0,68.0,23.0,33.0,19167085.0,53786889.5,53786889.5,2013,65
707,0.6,13.0,68.0,1.0,5.0,19167085.0,53786889.5,53786889.5,2013,65
745,0.5700000000000001,1168.0,68.0,9.0,5.0,19167085.0,53786889.5,53786889.5,2014,82
746,0.75,25006.0,68.0,73.0,35.0,19167085.0,53786889.5,53786889.5,2014,82
747,0.8099999999999999,830813.0,76.0,1184.0,683.0,94320883.0,333176600.0,774176600.0,2014,82
748,0.58,185458.0,68.0,515.0,353.0,65575105.0,191204754.0,493333584.0,2014,82
749,0.64,79.0,68.0,2.0,16.0,19167085.0,53786889.5,53786889.5,2014,82
752,0.78,335828.0,74.0,462.0,396.0,56215889.0,222527828.0,657827828.0,2014,82
751,0.6900000000000001,190.0,68.0,2.0,16.0,19167085.0,53786889.5,53786889.5,2014,82
753,0.77,478564.0,88.0,1185.0,605.0,424397.0,42340598.0,103215094.0,2014,82
754,0.62,2412.0,68.0,3.0,13.0,19167085.0,53786889.5,53786889.5,2014,82
755,0.4,6.0,68.0,1.0,2.0,19167085.0,53786889.5,53786889.5,2014,82
744,0.38,238.0,68.0,6.0,1.0,19167085.0,53786889.5,53786889.5,2014,82
750,0.8099999999999999,7.0,68.0,2.0,16.0,19167085.0,53786889.5,53786889.5,2014,82
743,0.8,582845.0,75.0,772.0,549.0,90823660.0,233921534.0,748121534.0,2014,82
741,0.6599999999999999,16776.0,68.0,54.0,76.0,8613.0,15388.0,15388.0,2014,82
729,0.5900000000000001,2961.0,68.0,20.0,13.0,19167085.0,53786889.5,53786889.5,2014,82
742,0.67,363748.0,68.0,1107.0,518.0,91608337.0,202853933.0,708982323.0,2014,82
730,0.8699999999999999,7.0,68.0,1.0,16.0,19167085.0,53786889.5,53786889.5,2014,82
731,0.5900000000000001,9737.0,68.0,41.0,67.0,19167085.0,53786889.5,53786889.5,2014,82
732,0.73,23648.0,68.0,67.0,50.0,19167085.0,53786889.5,53786889.5,2014,82
734,0.5599999999999999,85.0,68.0,6.0,2.0,19167085.0,53786889.5,53786889.5,2014,82
733,0.78,283770.0,83.0,495.0,452.0,69050279.0,257760692.0,468760692.0,2014,82
736,0.58,3484.0,68.0,21.0,21.0,19167085.0,53786889.5,53786889.5,2014,82
737,0.78,776.0,68.0,1.0,1.0,19167085.0,53786889.5,53786889.5,2014,82
738,0.78,589356.0,70.0,781.0,586.0,95023721.0,259766572.0,714766572.0,2014,82
739,0.52,1562.0,68.0,10.0,32.0,19167085.0,53786889.5,53786889.5,2014,82
740,0.67,18033.0,68.0,35.0,42.0,19167085.0,53786889.5,53786889.5,2014,82
735,0.5599999999999999,85.0,68.0,6.0,2.0,19167085.0,53786889.5,53786889.5,2014,82
775,0.58,1879.0,68.0,8.0,14.0,19167085.0,53786889.5,53786889.5,2015,65
772,0.71,10173.0,68.0,37.0,39.0,19167085.0,53786889.5,53786889.5,2015,65
773,0.43,131423.0,68.0,757.0,404.0,25685737.0,56117548.0,167977596.0,2015,65
783,0.4900000000000001,3443.0,68.0,28.0,17.0,19167085.0,53786889.5,53786889.5,2015,65
776,0.67,21575.0,68.0,112.0,190.0,50000.0,50000.0,50000.0,2015,65
771,0.73,419797.0,64.0,595.0,540.0,57225526.0,180202163.0,519445163.0,2015,65
778,0.58,81.0,68.0,1.0,16.0,19167085.0,53786889.5,53786889.5,2015,65
779,0.47,459.0,68.0,13.0,43.0,19167085.0,53786889.5,53786889.5,2015,65
780,0.13,135.0,68.0,3.0,16.0,19167085.0,53786889.5,53786889.5,2015,65
781,0.72,187.0,68.0,1.0,16.0,19167085.0,53786889.5,53786889.5,2015,65
782,0.51,431.0,68.0,10.0,2.0,19167085.0,53786889.5,53786889.5,2015,65
777,0.54,247.0,68.0,4.0,10.0,19167085.0,53786889.5,53786889.5,2015,65
770,0.6900000000000001,484.0,68.0,5.0,25.0,19167085.0,53786889.5,53786889.5,2015,65
774,0.5900000000000001,10.0,68.0,3.0,16.0,19167085.0,53786889.5,53786889.5,2015,65
768,0.5,78.0,68.0,3.0,2.0,19167085.0,53786889.5,53786889.5,2015,65
769,0.79,35.0,68.0,3.0,3.0,19167085.0,53786889.5,53786889.5,2015,65
757,0.67,14559.0,68.0,32.0,23.0,19167085.0,53786889.5,53786889.5,2015,65
758,0.5900000000000001,1372.0,68.0,8.0,12.0,19167085.0,53786889.5,53786889.5,2015,65
759,0.79,188.0,68.0,1.0,16.0,19167085.0,53786889.5,53786889.5,2015,65
760,0.6,40250.0,62.0,156.0,149.0,55365012.0,162994032.0,323436538.0,2015,65
761,0.52,54.0,68.0,2.0,1.0,19167085.0,53786889.5,53786889.5,2015,65
756,0.63,27.0,68.0,1.0,16.0,19167085.0,53786889.5,53786889.5,2015,65
763,0.73,850.0,75.0,8.0,29.0,19167085.0,53786889.5,53786889.5,2015,65
764,0.71,1511.0,68.0,7.0,27.0,19167085.0,53786889.5,53786889.5,2015,65
765,0.74,571716.0,66.0,1154.0,662.0,191271109.0,459005868.0,1405413868.0,2015,65
766,0.58,2216.0,68.0,19.0,16.0,19167085.0,53786889.5,53786889.5,2015,65
767,0.7,40.0,68.0,3.0,7.0,19167085.0,53786889.5,53786889.5,2015,65
762,0.71,14203.0,68.0,36.0,39.0,19167085.0,53786889.5,53786889.5,2015,65
798,0.65,38970.0,68.0,187.0,122.0,19167085.0,3775000.0,3775000.0,2016,63
799,0.61,474284.0,68.0,1901.0,655.0,133682248.0,325100054.0,745600054.0,2016,63
800,0.67,39.0,68.0,1.0,16.0,19167085.0,53786889.5,53786889.5,2016,63
802,0.34,2430.0,68.0,41.0,14.0,19167085.0,53786889.5,53786889.5,2016,63
805,0.46,14955.0,68.0,70.0,37.0,2182216.0,3818664.0,6272403.0,2016,63
804,0.6900000000000001,3204.0,68.0,33.0,44.0,19167085.0,53786889.5,53786889.5,2016,63
806,0.54,542.0,68.0,3.0,2.0,19167085.0,53786889.5,53786889.5,2016,63
807,0.63,8467.0,68.0,106.0,12.0,19167085.0,53786889.5,53786889.5,2016,63
808,0.75,403056.0,72.0,750.0,536.0,85058311.0,232641920.0,677718395.0,2016,63
797,0.8099999999999999,5849.0,68.0,5.0,16.0,19167085.0,53786889.5,53786889.5,2016,63
803,0.58,873.0,68.0,9.0,6.0,19167085.0,53786889.5,53786889.5,2016,63
796,0.72,13.0,68.0,1.0,16.0,19167085.0,53786889.5,53786889.5,2016,63
801,0.5700000000000001,364.0,68.0,2.0,8.0,19167085.0,53786889.5,53786889.5,2016,63
794,0.7,316266.0,68.0,745.0,459.0,65000000.0,155442489.0,543934787.0,2016,63
793,0.64,26.0,68.0,1.0,16.0,19167085.0,53786889.5,53786889.5,2016,63
792,0.78,486986.0,75.0,1246.0,623.0,179139142.0,408084349.0,1153304495.0,2016,63
791,0.7,12240.0,68.0,48.0,30.0,19167085.0,53786889.5,53786889.5,2016,63
790,0.6599999999999999,529470.0,68.0,3372.0,759.0,166007347.0,330360194.0,873260194.0,2016,63
789,0.71,9843.0,68.0,21.0,78.0,19167085.0,53786889.5,53786889.5,2016,63
788,0.8,717118.0,65.0,1269.0,629.0,135050000.0,363070709.0,783112979.0,2016,63
787,0.64,136.0,68.0,2.0,16.0,19167085.0,53786889.5,53786889.5,2016,63
786,0.72,3850.0,68.0,16.0,16.0,19167085.0,53786889.5,53786889.5,2016,63
785,0.75,287.0,68.0,2.0,16.0,19167085.0,53786889.5,53786889.5,2016,63
784,0.6799999999999999,13827.0,68.0,42.0,37.0,19167085.0,53786889.5,53786889.5,2016,63
795,0.6,69970.0,68.0,194.0,230.0,35316382.0,82051601.0,245623848.0,2016,63
823,0.75,402928.0,76.0,1758.0,642.0,103251471.0,412563408.0,821763408.0,2017,39
824,0.75,306913.0,73.0,1009.0,504.0,117027503.0,334201140.0,880166924.0,2017,39
825,0.42,475.0,68.0,13.0,15.0,19167085.0,53786889.5,53786889.5,2017,39
826,0.5900000000000001,6515.0,68.0,90.0,45.0,19167085.0,53786889.5,53786889.5,2017,39
831,0.67,240600.0,68.0,1481.0,432.0,93842239.0,229024295.0,614729668.0,2017,39
828,0.6,12827.0,68.0,80.0,119.0,20433071.0,59281555.0,59281555.0,2017,39
829,0.61,1619.0,68.0,18.0,26.0,19167085.0,53786889.5,53786889.5,2017,39
830,0.79,302235.0,74.0,1011.0,458.0,122744989.0,315058289.0,802233599.0,2017,39
822,0.62,17827.0,69.0,91.0,122.0,23851539.0,73921000.0,73921000.0,2017,39
827,0.5,586.0,68.0,5.0,10.0,19167085.0,53786889.5,53786889.5,2017,39
821,0.6799999999999999,412.0,68.0,2.0,3.0,19167085.0,53786889.5,53786889.5,2017,39
815,0.75,2813.0,68.0,8.0,16.0,19167085.0,53786889.5,53786889.5,2017,39
819,0.7,6585.0,68.0,35.0,27.0,19167085.0,53786889.5,53786889.5,2017,39
818,0.64,150410.0,68.0,811.0,419.0,18676033.0,40533014.0,130246659.0,2017,39
817,0.65,14.0,68.0,2.0,1.0,19167085.0,53786889.5,53786889.5,2017,39
816,0.6,80774.0,68.0,430.0,279.0,40300288.0,85067486.0,85067486.0,2017,39
814,0.8099999999999999,472804.0,77.0,1270.0,598.0,88411916.0,226277068.0,619021436.0,2017,39
813,0.76,2183.0,68.0,4.0,16.0,19167085.0,53786889.5,53786889.5,2017,39
812,0.4,8323.0,68.0,109.0,45.0,19167085.0,53786889.5,53786889.5,2017,39
811,0.73,98164.0,75.0,267.0,379.0,53003468.0,175750384.0,311950384.0,2017,39
810,0.71,12885.0,68.0,36.0,39.0,19167085.0,53786889.5,53786889.5,2017,39
809,0.73,260302.0,62.0,643.0,515.0,40010975.0,138291365.0,278454358.0,2017,39
832,0.61,30.0,68.0,2.0,16.0,19167085.0,53786889.5,53786889.5,2017,39
820,0.77,364510.0,67.0,832.0,532.0,146510104.0,389813101.0,863756051.0,2017,39
833,0.61,30.0,68.0,2.0,16.0,19167085.0,53786889.5,53786889.5,2017,39
