,Title,Duration(Min),ReleaseDate,Score,NoUsersRating,MetaScore,NoReviews-Users,NoReviews-Crit,OpeningWE(USA)($),Gross(USA)($),CumulativeWorldWide Gross($)
264,Superman (1978),143.0,1978-12-15,0.73,140117.0,86.0,517.0,176.0,7465343.0,134218018.0,166200000.0
279,Hero at Large (1980),98.0,1980-02-08,0.61,1139.0,68.5,16.0,10.0,19828687.0,15934737.0,15934737.0
283,Flash Gordon (1980),111.0,1980-12-05,0.65,42635.0,68.5,260.0,106.0,3934030.0,27107960.0,27107960.0
284,Superman II (1980),127.0,1981-06-19,0.6799999999999999,85553.0,87.0,277.0,127.0,14100523.0,108185706.0,108185706.0
287,The Legend of the Lone Ranger (1981),98.0,1981-05-22,0.5,1538.0,68.5,43.0,28.0,2945600.0,12617845.0,12617845.0
289,Zorro: The Gay Blade (1981),93.0,1981-07-17,0.61,3540.0,68.5,51.0,14.0,19828687.0,11118000.0,11118000.0
292,TRON (1982),96.0,1982-07-09,0.6799999999999999,101828.0,68.5,282.0,161.0,4761795.0,33000000.0,33000000.0
298,Superman III (1983),125.0,1983-06-17,0.4900000000000001,56038.0,68.5,237.0,101.0,13352357.0,59950623.0,59950623.0
308,The Adventures of the American Rabbit (1986),85.0,1986-01-17,0.58,342.0,68.5,12.0,5.0,291126.0,1268443.0,1268443.0
311,Howard the Duck (1986),110.0,1986-08-01,0.46,37393.0,68.5,286.0,81.0,5070136.0,16295774.0,21667000.0
319,RoboCop (1987),102.0,1987-07-17,0.75,202542.0,67.0,469.0,264.0,8008721.0,53424681.0,53424681.0
322,Superman IV: The Quest for Peace (1987),90.0,1987-07-24,0.37,36975.0,68.5,273.0,100.0,19828687.0,15681020.0,15681020.0
343,The Toxic Avenger Part II (1989),102.0,1989-02-24,0.51,5227.0,68.5,45.0,37.0,28950.0,792966.0,792966.0
346,The Return of Swamp Thing (1989),88.0,1989-05-12,0.45,3183.0,68.5,42.0,27.0,19828687.0,192816.0,192816.0
347,Batman (1989),126.0,1989-06-23,0.76,297397.0,69.0,859.0,188.0,40489746.0,251188924.0,411348924.0
354,The Toxic Avenger Part III: The Last Temptation of Toxie (1989),102.0,1989-11-24,0.4400000000000001,3660.0,68.5,33.0,29.0,52080.0,363561.0,363561.0
362,Teenage Mutant Ninja Turtles (1990),93.0,1990-03-30,0.67,75003.0,68.5,203.0,113.0,19828687.0,135265915.0,201965915.0
365,RoboCop 2 (1990),117.0,1990-06-22,0.58,71020.0,68.5,240.0,98.0,14145411.0,45681173.0,45681173.0
366,Darkman (1990),96.0,1990-08-24,0.64,51823.0,65.0,149.0,135.0,8054860.0,33878502.0,48878520.0
380,The Rocketeer (1991),108.0,1991-06-21,0.64,46565.0,62.0,138.0,93.0,9600754.0,46704056.0,46704056.0
384,Batman Returns (1992),126.0,1992-06-19,0.7,239433.0,68.0,638.0,167.0,45687710.0,162831698.0,282800000.0
394,Teenage Mutant Ninja Turtles III (1993),96.0,1993-03-19,0.48,27285.0,68.5,92.0,64.0,19828687.0,42660000.0,42660000.0
395,RoboCop 3 (1993),104.0,1993-11-05,0.4,39282.0,68.5,195.0,90.0,19828687.0,10696210.0,10696210.0
398,The Meteor Man (1993),100.0,1993-08-06,0.51,6121.0,68.5,25.0,18.0,19828687.0,8023147.0,8023147.0
529,Padman (2018),140.0,2018-02-09,0.8400000000000001,5696.0,68.5,59.0,33.0,740326.0,1662927.0,1662927.0
532,Black Panther (2018),134.0,2018-02-16,0.77,232341.0,88.0,1619.0,531.0,202003951.0,681374736.0,1315166598.0
542,Justice League (2017),120.0,2017-11-17,0.67,240600.0,68.5,1481.0,432.0,93842239.0,229024295.0,614729668.0
544,Thor: Ragnarok (2017),130.0,2017-11-03,0.79,302235.0,74.0,1011.0,458.0,122744989.0,315058289.0,802233599.0
547,The Lego Ninjago Movie (2017),101.0,2017-09-22,0.6,12827.0,68.5,80.0,119.0,20433071.0,59281555.0,59281555.0
557,Spider-Man: Homecoming (2017),133.0,2017-07-07,0.75,306913.0,73.0,1009.0,504.0,117027503.0,334201140.0,880166924.0
559,Captain Underpants: The First Epic Movie (2017),89.0,2017-06-02,0.62,17827.0,69.0,91.0,122.0,23851539.0,73921000.0,73921000.0
562,Wonder Woman (2017),141.0,2017-06-02,0.75,402928.0,76.0,1758.0,642.0,103251471.0,412563408.0,821763408.0
566,Guardians of the Galaxy Vol. 2 (2017),136.0,2017-05-05,0.77,364510.0,67.0,832.0,532.0,146510104.0,389813101.0,863756051.0
570,Power Rangers (2017),124.0,2017-03-24,0.6,80774.0,68.5,430.0,279.0,40300288.0,85067486.0,85067486.0
571,Ghost in the Shell (2017),107.0,2017-03-31,0.64,150410.0,68.5,811.0,419.0,18676033.0,40533014.0,130246659.0
576,Logan (2017),137.0,2017-03-03,0.8099999999999999,472804.0,77.0,1270.0,598.0,88411916.0,226277068.0,619021436.0
578,The LEGO Batman Movie (2017),104.0,2017-02-10,0.73,98164.0,75.0,267.0,379.0,53003468.0,175750384.0,311950384.0
596,Doctor Strange (2016),115.0,2016-11-04,0.75,403056.0,72.0,750.0,536.0,85058311.0,232641920.0,677718395.0
597,Max Steel (2016),92.0,2016-10-14,0.46,14955.0,68.5,70.0,37.0,2182216.0,3818664.0,6272403.0
600,Split (2016),117.0,2017-01-20,0.73,260302.0,62.0,643.0,515.0,40010975.0,138291365.0,278454358.0
609,Suicide Squad (2016),123.0,2016-08-05,0.61,474284.0,68.5,1901.0,655.0,133682248.0,325100054.0,745600054.0
615,Batman: The Killing Joke (2016),76.0,2016-07-25,0.65,38970.0,68.5,187.0,122.0,19828687.0,3775000.0,3775000.0
623,Teenage Mutant Ninja Turtles: Out of the Shadows (2016),112.0,2016-06-03,0.6,69970.0,68.5,194.0,230.0,35316382.0,82051601.0,245623848.0
626,X-Men: Apocalypse (2016),144.0,2016-05-27,0.7,316266.0,68.5,745.0,459.0,65000000.0,155442489.0,543934787.0
630,Captain America: Civil War (2016),147.0,2016-05-06,0.78,486986.0,75.0,1246.0,623.0,179139142.0,408084349.0,1153304495.0
636,Batman v Superman: Dawn of Justice (2016),151.0,2016-03-25,0.6599999999999999,529470.0,68.5,3372.0,759.0,166007347.0,330360194.0,873260194.0
641,Deadpool (2016),108.0,2016-02-12,0.8,717118.0,65.0,1269.0,629.0,135050000.0,363070709.0,783112979.0
672,Fantastic Four (2015),100.0,2015-08-07,0.43,131423.0,68.5,757.0,404.0,25685737.0,56117548.0,167977596.0
677,Ant-Man (2015),117.0,2015-07-17,0.73,419797.0,64.0,595.0,540.0,57225526.0,180202163.0,519445163.0
688,Avengers: Age of Ultron (2015),141.0,2015-05-01,0.74,571716.0,66.0,1154.0,662.0,191271109.0,459005868.0,1405413868.0
701,The SpongeBob Movie: Sponge Out of Water (2015),92.0,2015-02-06,0.6,40250.0,62.0,156.0,149.0,55365012.0,162994032.0,323436538.0
703,Turbo Kid (2015),93.0,2015-08-28,0.67,21575.0,68.5,112.0,190.0,50000.0,50000.0,50000.0
721,Big Hero 6 (2014),102.0,2014-11-07,0.78,335828.0,74.0,462.0,396.0,56215889.0,222527828.0,657827828.0
726,Birdman or (The Unexpected Virtue of Ignorance) (2014),119.0,2014-11-14,0.77,478564.0,88.0,1185.0,605.0,424397.0,42340598.0,103215094.0
727,Teenage Mutant Ninja Turtles (2014),101.0,2014-08-08,0.58,185458.0,68.5,515.0,353.0,65575105.0,191204754.0,493333584.0
731,Guardians of the Galaxy (2014),121.0,2014-08-01,0.8099999999999999,830813.0,76.0,1184.0,683.0,94320883.0,333176600.0,774176600.0
737,X-Men: Days of Future Past (2014),132.0,2014-05-23,0.8,582845.0,75.0,772.0,549.0,90823660.0,233921534.0,748121534.0
743,The Amazing Spider-Man 2 (2014),142.0,2014-05-02,0.67,363748.0,68.5,1107.0,518.0,91608337.0,202853933.0,708982323.0
747,Captain America: The Winter Soldier (2014),136.0,2014-04-04,0.78,589356.0,70.0,781.0,586.0,95023721.0,259766572.0,714766572.0
753,The Lego Movie (2014),100.0,2014-02-07,0.78,283770.0,83.0,495.0,452.0,69050279.0,257760692.0,468760692.0
767,Krrish 3 (2013),152.0,2013-11-01,0.53,17723.0,68.5,153.0,32.0,1049560.0,2191343.0,2191343.0
768,Thor: The Dark World (2013),112.0,2013-11-08,0.7,482172.0,68.5,569.0,497.0,85737841.0,206362140.0,644783140.0
778,Kick-Ass 2 (2013),103.0,2013-08-16,0.6599999999999999,226255.0,68.5,387.0,351.0,13332955.0,28795985.0,63297114.0
789,The Wolverine (2013),126.0,2013-07-26,0.67,376266.0,68.5,558.0,455.0,53113752.0,132556852.0,414828246.0
793,The Lone Ranger (2013),150.0,2013-07-03,0.65,199877.0,68.5,731.0,456.0,29210849.0,89302115.0,260502115.0
795,Man of Steel (2013),143.0,2013-06-14,0.71,611456.0,68.5,2607.0,737.0,116619362.0,291045518.0,668045518.0
805,Iron Man 3 (2013),130.0,2013-05-03,0.72,628518.0,62.0,1210.0,619.0,174144585.0,409013994.0,1215439994.0
815,Movie 43 (2013),94.0,2013-01-25,0.43,88085.0,68.5,381.0,183.0,4805878.0,8828771.0,8828771.0
833,Mugamoodi (2012),150.0,2012-08-31,0.5,752.0,68.5,4.0,5.0,55501.0,68677.0,68677.0
837,The Dark Knight Rises (2012),164.0,2012-07-20,0.8400000000000001,1300615.0,78.0,2770.0,825.0,160887295.0,448139099.0,1084939099.0
840,The Amazing Spider-Man (2012),136.0,2012-07-03,0.7,497758.0,66.0,1256.0,614.0,62004688.0,262030663.0,757930663.0
849,The Avengers (2012),143.0,2012-05-04,0.8099999999999999,1095968.0,69.0,1749.0,715.0,207438708.0,623357910.0,1519557910.0
868,Ghost Rider: Spirit of Vengeance (2011),96.0,2012-02-17,0.43,97694.0,68.5,343.0,289.0,22115334.0,51774002.0,149217355.0
876,Ra.One (2011),156.0,2011-10-26,0.48,33851.0,68.5,311.0,56.0,1654023.0,2511689.0,35911689.0
888,Death of a Superhero (2011),97.0,2012-08-30,0.71,3072.0,68.5,9.0,39.0,345.0,345.0,345.0
893,Captain America: The First Avenger (2011),124.0,2011-07-22,0.6900000000000001,590001.0,66.0,723.0,524.0,65058524.0,176654505.0,370569774.0
896,Green Lantern (2011),114.0,2011-06-17,0.5599999999999999,241257.0,68.5,569.0,439.0,53174303.0,116601172.0,219851172.0
899,Badrinath (2011),132.0,2011-06-10,0.4400000000000001,1290.0,68.5,7.0,5.0,19828687.0,51546.0,7200000.0
902,X-Men: First Class (2011),131.0,2011-06-03,0.78,576291.0,65.0,716.0,506.0,55101604.0,146408305.0,353624124.0
914,Thor (2011),115.0,2011-05-06,0.7,614711.0,68.5,770.0,533.0,65723338.0,181030624.0,449326618.0
927,The Green Hornet (2011),119.0,2011-01-14,0.58,144489.0,68.5,452.0,444.0,33526876.0,98780042.0,227817248.0
942,TRON: Legacy (2010),125.0,2010-12-17,0.6799999999999999,284718.0,68.5,684.0,469.0,44026211.0,172062763.0,400062763.0
953,Megamind (2010),95.0,2010-11-05,0.73,194199.0,63.0,199.0,231.0,46016833.0,148415853.0,321885765.0
957,Super (2010),96.0,2011-06-10,0.6799999999999999,67537.0,68.5,221.0,240.0,46549.0,322157.0,322157.0
960,Legend of the Fist: The Return of Chen Zhen (2010),106.0,2010-09-21,0.63,8839.0,68.5,35.0,88.0,11365.0,48398.0,48398.0
968,Jonah Hex (2010),81.0,2010-06-18,0.47,49599.0,68.5,185.0,180.0,5379365.0,10539414.0,10539414.0
974,Iron Man 2 (2010),124.0,2010-05-07,0.7,594846.0,68.5,756.0,465.0,128122480.0,312433331.0,623933331.0
981,Kick-Ass (2010),117.0,2010-04-16,0.76,476639.0,66.0,821.0,449.0,19828687.0,48071303.0,96188903.0
998,Old Dogs (2009),88.0,2009-11-25,0.54,33325.0,68.5,123.0,124.0,16894511.0,49492060.0,96753696.0
1005,Astro Boy (2009),94.0,2009-10-23,0.63,28639.0,68.5,78.0,138.0,6702923.0,19548064.0,19548064.0
1007,Defendor (2009),101.0,2010-05-13,0.6799999999999999,33317.0,68.5,93.0,65.0,13265.0,44462.0,44462.0
1020,Paper Man (2009),110.0,2014-05-01,0.6599999999999999,16776.0,68.5,54.0,76.0,8613.0,15388.0,15388.0
1028,X-Men Origins: Wolverine (2009),107.0,2009-05-01,0.6599999999999999,409763.0,68.5,661.0,359.0,85058003.0,179883157.0,373062864.0
1032,Super Capers: The Origins of Ed and the Missing Bullion (2009),98.0,2009-03-20,0.31,964.0,68.5,15.0,11.0,21463.0,30955.0,30955.0
1034,Dragonball: Evolution (2009),85.0,2009-04-10,0.26,62556.0,68.5,541.0,131.0,4756488.0,9353573.0,57497699.0
1036,Watchmen (2009),162.0,2009-03-06,0.76,429900.0,68.5,1263.0,458.0,55214334.0,107509799.0,185258983.0
1040,Push (2009),111.0,2009-02-06,0.61,97066.0,68.5,224.0,137.0,10079109.0,31806100.0,31806100.0
1051,The Spirit (2008),103.0,2008-12-25,0.48,56287.0,68.5,298.0,225.0,6463278.0,19781879.0,19781879.0
1055,Punisher: War Zone (2008),103.0,2008-12-05,0.6,54197.0,68.5,287.0,154.0,4271451.0,7948159.0,10100036.0
1059,Role Models (2008),99.0,2008-11-07,0.6900000000000001,205400.0,61.0,177.0,172.0,19167085.0,67294270.0,92380927.0
1072,The Dark Knight (2008),152.0,2008-07-18,0.9,1913347.0,82.0,5290.0,634.0,158411483.0,534858444.0,1004558444.0
1074,Hellboy II: The Golden Army (2008),120.0,2008-07-11,0.7,227914.0,78.0,353.0,344.0,34539115.0,75754670.0,160388063.0
1076,Hancock (2008),92.0,2008-07-02,0.64,388082.0,68.5,602.0,322.0,62603879.0,227946274.0,624386746.0
1077,Wanted (2008),110.0,2008-06-27,0.67,325549.0,64.0,731.0,315.0,50927085.0,134508551.0,341433252.0
1078,The Incredible Hulk (2008),112.0,2008-06-13,0.6799999999999999,364363.0,61.0,668.0,368.0,55414050.0,134518390.0,263427551.0
1084,Iron Man (2008),126.0,2008-05-02,0.79,784685.0,79.0,1099.0,499.0,98618668.0,318412101.0,585174222.0
1085,Superhero Movie (2008),75.0,2008-03-28,0.45,56978.0,68.5,175.0,119.0,9510297.0,26638520.0,73026302.0
1092,Jumper (2008),88.0,2008-02-14,0.61,262147.0,68.5,493.0,238.0,32092991.0,80172128.0,222231186.0
1113,Underdog (2007),84.0,2007-08-03,0.48,17250.0,68.5,94.0,90.0,11585121.0,43751706.0,43751706.0
1116,Kabluey (2007),86.0,2007-06-25,0.67,4137.0,62.0,35.0,26.0,7373.0,83398.0,83398.0
1118,Fantastic 4: Rise of the Silver Surfer (2007),92.0,2007-06-15,0.5599999999999999,228898.0,68.5,448.0,260.0,58051684.0,131921738.0,289047763.0
1120,Big Man Japan (2007),113.0,2007-06-02,0.64,2962.0,62.0,40.0,95.0,7133.0,40257.0,40257.0
1122,Spider-Man 3 (2007),139.0,2007-05-04,0.62,430381.0,68.5,1936.0,400.0,151116516.0,336530303.0,554341323.0
1123,TMNT (2007),87.0,2007-03-23,0.63,56615.0,68.5,213.0,191.0,24255205.0,54149098.0,95608995.0
1128,Epic Movie (2007),86.0,2007-01-26,0.23,95073.0,68.5,665.0,111.0,18612544.0,39739367.0,86865564.0
1131,Ghost Rider (2007),114.0,2007-02-16,0.52,199402.0,68.5,686.0,277.0,52022908.0,115802596.0,228738393.0
1148,Zoom (2006),83.0,2006-08-11,0.43,16500.0,68.5,113.0,61.0,4510408.0,11631245.0,11631245.0
1153,My Super Ex-Girlfriend (2006),96.0,2006-07-21,0.51,57285.0,68.5,201.0,145.0,8603460.0,22530295.0,38365852.0
1158,Superman Returns (2006),154.0,2006-06-28,0.61,253598.0,72.0,2380.0,438.0,52535096.0,200081192.0,191000000.0
1165,X-Men: The Last Stand (2006),104.0,2006-05-26,0.67,426852.0,68.5,1923.0,335.0,122861157.0,234362462.0,459359555.0
1171,Special (2006),81.0,2006-11-17,0.6900000000000001,5033.0,68.5,37.0,55.0,3232.0,6387.0,6387.0
1178,V for Vendetta (2005),132.0,2006-03-17,0.82,900303.0,62.0,2090.0,530.0,25642640.0,70511035.0,132511035.0
1183,Chicken Little (2005),81.0,2005-11-04,0.58,73044.0,68.5,264.0,152.0,40049778.0,135386665.0,314432837.0
1184,The Legend of Zorro (2005),129.0,2005-10-28,0.5900000000000001,80696.0,68.5,247.0,135.0,16328506.0,46464023.0,142400065.0
1191,Sky High (2005),100.0,2005-07-29,0.62,68349.0,62.0,222.0,131.0,14631784.0,63946815.0,86369815.0
1194,Fantastic Four (2005),106.0,2005-07-08,0.5700000000000001,285913.0,68.5,1021.0,278.0,56061504.0,154696080.0,175424795.0
1197,The Adventures of Sharkboy and Lavagirl 3-D (2005),93.0,2005-06-10,0.35,23805.0,68.5,186.0,67.0,12582088.0,39177684.0,71992655.0
1201,Batman Begins (2005),140.0,2005-06-15,0.8300000000000001,1117707.0,70.0,2729.0,466.0,48745440.0,206852432.0,374218673.0
1205,Man-Thing (2005),97.0,2005-04-21,0.4,5291.0,68.5,93.0,43.0,19828687.0,143615.0,143615.0
1212,Son of the Mask (2005),94.0,2005-02-18,0.22000000000000008,46028.0,68.5,246.0,74.0,9100115.0,17018422.0,57552641.0
1213,Constantine (2005),121.0,2005-02-18,0.7,261429.0,68.5,1022.0,286.0,33624407.0,75976178.0,230884728.0
1217,Elektra (2005),97.0,2005-01-14,0.47,77981.0,68.5,384.0,195.0,14792335.0,24409722.0,32149231.0
1220,Blade: Trinity (2004),113.0,2004-12-08,0.5900000000000001,147639.0,68.5,521.0,189.0,16061271.0,52411906.0,128905366.0
1222,The Incredibles (2004),115.0,2004-11-05,0.8,540820.0,90.0,842.0,291.0,70467623.0,261441092.0,631442092.0
1229,Mind Game (2004),103.0,2005-06-26,0.79,6707.0,66.0,21.0,38.0,5609.0,36613.0,36613.0
1234,Catwoman (2004),104.0,2004-07-23,0.33,95835.0,68.5,681.0,213.0,17155000.0,40202379.0,82102379.0
1236,Spider-Man 2 (2004),127.0,2004-06-30,0.73,466850.0,83.0,1339.0,305.0,115817364.0,373585825.0,783766341.0
1239,The Punisher (2004),124.0,2004-04-16,0.65,136281.0,68.5,633.0,197.0,13834527.0,33682273.0,33682273.0
1241,Kill Bill: Vol. 2 (2004),137.0,2004-04-16,0.8,574573.0,83.0,956.0,306.0,25104949.0,66208183.0,152159461.0
1242,Hellboy (2004),122.0,2004-04-02,0.6900000000000001,270473.0,72.0,608.0,227.0,23172440.0,59623958.0,99414250.0
1256,Matrix Revolutions (2003),129.0,2003-11-05,0.67,396385.0,68.5,2115.0,243.0,48475154.0,139313948.0,427343298.0
1264,The League of Extraordinary Gentlemen (2003),110.0,2003-07-11,0.58,151669.0,68.5,792.0,207.0,23075892.0,66465204.0,179265204.0
1265,Hulk (2003),138.0,2003-06-20,0.5700000000000001,229595.0,68.5,1461.0,266.0,62128420.0,132177234.0,113107712.0
1267,The Matrix Reloaded (2003),138.0,2003-05-15,0.72,456967.0,62.0,2788.0,271.0,91774413.0,281492479.0,742128461.0
1268,X-Men 2 (2003),134.0,2003-05-02,0.75,453982.0,68.0,1074.0,294.0,85558731.0,214949694.0,407711549.0
1271,Save the Green Planet! (2003),118.0,2003-04-04,0.74,6876.0,70.0,55.0,76.0,2310.0,14624.0,14624.0
1275,Daredevil (2003),103.0,2003-02-14,0.53,189770.0,68.5,1051.0,278.0,45033454.0,102543520.0,179179718.0
1277,American Splendor (2003),101.0,2003-09-12,0.75,44311.0,90.0,224.0,185.0,159705.0,6003587.0,6003587.0
1289,Men in Black II (2002),88.0,2002-07-03,0.61,292433.0,68.5,613.0,208.0,52148751.0,190418803.0,441818803.0
1291,The Powerpuff Girls Movie (2002),73.0,2002-07-03,0.65,8393.0,65.0,76.0,50.0,3583114.0,11411644.0,11411644.0
1293,Spider-Man (2002),121.0,2002-05-03,0.73,603681.0,73.0,2042.0,301.0,114844116.0,403706375.0,821708551.0
1296,Blade II (2002),117.0,2002-03-22,0.67,176718.0,68.5,568.0,232.0,32528016.0,82348319.0,155010032.0
1306,Jay and Silent Bob Strike Back (2001),104.0,2001-08-24,0.6900000000000001,136461.0,68.5,870.0,174.0,11018543.0,30059386.0,30059386.0
1310,Pootie Tang (2001),81.0,2001-06-29,0.52,12334.0,68.5,131.0,31.0,1506233.0,3293258.0,3293258.0
1319,Unbreakable (2000),106.0,2000-11-22,0.72,291675.0,62.0,1383.0,309.0,30330771.0,95011339.0,154500000.0
1321,The Specials (2000),82.0,2000-09-18,0.5900000000000001,2034.0,68.5,54.0,28.0,10131.0,12996.0,12996.0
1322,X-Men (2000),104.0,2000-07-14,0.74,506528.0,64.0,1408.0,292.0,54471475.0,157299717.0,296339527.0
1331,Stir of Echoes (1999),99.0,1999-09-10,0.7,66983.0,67.0,378.0,165.0,5811664.0,21133087.0,21133087.0
1333,Mystery Men (1999),121.0,1999-08-06,0.61,57009.0,65.0,439.0,126.0,10017865.0,29655590.0,29655590.0
1334,Inspector Gadget (1999),78.0,1999-07-23,0.41,39958.0,68.5,233.0,72.0,21889138.0,97403112.0,134403112.0
1345,Blade (1998),120.0,1998-08-21,0.71,213279.0,68.5,594.0,195.0,17073856.0,70087718.0,131183530.0
1347,The Avengers (1998),89.0,1998-08-14,0.37,37349.0,68.5,455.0,113.0,10305957.0,23322832.0,25200000.0
1348,The Mask of Zorro (1998),136.0,1998-07-17,0.67,148980.0,63.0,328.0,154.0,22525855.0,94095523.0,250288523.0
1357,Star Kid (1997),101.0,1998-01-16,0.54,2123.0,68.5,20.0,14.0,3033609.0,7015240.0,7015240.0
1360,Orgazmo (1997),94.0,1998-10-23,0.62,31962.0,68.5,172.0,58.0,210073.0,582024.0,582024.0
1361,Steel (1997),97.0,1997-08-15,0.28,9563.0,68.5,68.0,38.0,870068.0,1710972.0,1710972.0
1362,Spawn (1997),96.0,1997-08-01,0.52,57412.0,68.5,218.0,79.0,21210131.0,54967359.0,87949859.0
1365,Hercules (1997),93.0,1997-06-27,0.73,167138.0,74.0,174.0,89.0,249567.0,99046791.0,252712101.0
1366,Batman & Robin (1997),125.0,1997-06-20,0.37,207536.0,68.5,1057.0,201.0,42872606.0,107325195.0,238207122.0
1367,Warriors of Virtue (1997),101.0,1997-05-02,0.46,2477.0,68.5,32.0,23.0,3277084.0,6448817.0,6448817.0
1369,Turbo: A Power Rangers Movie (1997),99.0,1997-03-28,0.35,7325.0,68.5,54.0,30.0,3301135.0,8109349.0,8109349.0
1376,Jingle All the Way (1996),89.0,1996-11-22,0.55,78403.0,68.5,177.0,84.0,12112267.0,60592389.0,129832389.0
1377,Black Mask (1996),99.0,1999-05-14,0.61,9925.0,68.5,99.0,70.0,4449692.0,12491455.0,12491455.0
1383,The Crow: City of Angels (1996),84.0,1996-08-30,0.46,17114.0,68.5,168.0,52.0,9785111.0,17883659.0,7500000.0
1388,The Phantom (1996),100.0,1996-06-07,0.4900000000000001,29463.0,68.5,159.0,61.0,5072346.0,17300889.0,17300889.0
1390,Barb Wire (1996),98.0,1996-05-03,0.32,22065.0,68.5,98.0,71.0,19828687.0,3794000.0,3794000.0
1401,Mighty Morphin Power Rangers: The Movie (1995),95.0,1995-06-30,0.51,22254.0,68.5,137.0,79.0,13104788.0,37804616.0,66050379.0
1402,Judge Dredd (1995),96.0,1995-06-30,0.55,97678.0,68.5,233.0,106.0,12291536.0,34693481.0,113493481.0
1403,Batman Forever (1995),121.0,1995-06-16,0.54,209792.0,68.5,572.0,157.0,52784433.0,184031112.0,152500000.0
1404,Tank Girl (1995),104.0,1995-03-31,0.53,26961.0,68.5,178.0,66.0,19828687.0,4064333.0,6600000.0
1411,Blankman (1994),92.0,1994-08-19,0.4900000000000001,7586.0,68.5,24.0,11.0,3715480.0,7892208.0,7892208.0
1412,The Mask (1994),101.0,1994-07-29,0.6900000000000001,295849.0,68.5,230.0,65.0,23117068.0,119938730.0,351583407.0
1413,The Shadow (1994),108.0,1994-07-01,0.6,20459.0,68.5,150.0,78.0,19828687.0,32055248.0,48055248.0
1429,Iron Monkey (1993),85.0,2001-10-12,0.76,14084.0,79.0,125.0,102.0,6014653.0,14681661.0,14681661.0
1431,The Meteor Man (1993),100.0,1993-08-06,0.51,6121.0,68.5,25.0,18.0,19828687.0,8023147.0,8023147.0
1434,RoboCop 3 (1993),104.0,1993-11-05,0.4,39282.0,68.5,195.0,90.0,19828687.0,10696210.0,10696210.0
1435,Teenage Mutant Ninja Turtles III (1993),96.0,1993-03-19,0.48,27285.0,68.5,92.0,64.0,19828687.0,42660000.0,42660000.0
1445,Batman Returns (1992),126.0,1992-06-19,0.7,239433.0,68.0,638.0,167.0,45687710.0,162831698.0,282800000.0
1449,The Rocketeer (1991),108.0,1991-06-21,0.64,46565.0,62.0,138.0,93.0,9600754.0,46704056.0,46704056.0
1463,Darkman (1990),96.0,1990-08-24,0.64,51823.0,65.0,149.0,135.0,8054860.0,33878502.0,48878520.0
1464,RoboCop 2 (1990),117.0,1990-06-22,0.58,71020.0,68.5,240.0,98.0,14145411.0,45681173.0,45681173.0
1467,Teenage Mutant Ninja Turtles (1990),93.0,1990-03-30,0.67,75003.0,68.5,203.0,113.0,19828687.0,135265915.0,201965915.0
1475,The Toxic Avenger Part III: The Last Temptation of Toxie (1989),102.0,1989-11-24,0.4400000000000001,3660.0,68.5,33.0,29.0,52080.0,363561.0,363561.0
1482,Batman (1989),126.0,1989-06-23,0.76,297398.0,69.0,859.0,188.0,40489746.0,251188924.0,411348924.0
1483,The Return of Swamp Thing (1989),88.0,1989-05-12,0.45,3183.0,68.5,42.0,27.0,19828687.0,192816.0,192816.0
1486,The Toxic Avenger Part II (1989),102.0,1989-02-24,0.51,5227.0,68.5,45.0,37.0,28950.0,792966.0,792966.0
1507,Superman IV: The Quest for Peace (1987),90.0,1987-07-24,0.37,36975.0,68.5,273.0,100.0,19828687.0,15681020.0,15681020.0
1508,RoboCop (1987),102.0,1987-07-17,0.75,202542.0,67.0,469.0,264.0,8008721.0,53424681.0,53424681.0
1518,Howard the Duck (1986),110.0,1986-08-01,0.46,37393.0,68.5,286.0,81.0,5070136.0,16295774.0,21667000.0
1521,The Adventures of the American Rabbit (1986),85.0,1986-01-17,0.58,342.0,68.5,12.0,5.0,291126.0,1268443.0,1268443.0
1531,Superman III (1983),125.0,1983-06-17,0.4900000000000001,56038.0,68.5,237.0,101.0,13352357.0,59950623.0,59950623.0
1537,TRON (1982),96.0,1982-07-09,0.6799999999999999,101828.0,68.5,282.0,161.0,4761795.0,33000000.0,33000000.0
1540,Zorro: The Gay Blade (1981),93.0,1981-07-17,0.61,3540.0,68.5,51.0,14.0,19828687.0,11118000.0,11118000.0
1542,The Legend of the Lone Ranger (1981),98.0,1981-05-22,0.5,1538.0,68.5,43.0,28.0,2945600.0,12617845.0,12617845.0
1545,Superman II (1980),127.0,1981-06-19,0.6799999999999999,85554.0,87.0,277.0,127.0,14100523.0,108185706.0,108185706.0
1546,Flash Gordon (1980),111.0,1980-12-05,0.65,42635.0,68.5,260.0,106.0,3934030.0,27107960.0,27107960.0
